2557
496
444
494
2354
529
505
2563
442
2494
2542
2559
467
447
450
2599
489
2565
2568
402
506
362
2522
2534
2524
481
2601
2558
2596
2621
2649
2695
2745
2807
2886
3001
3220
3697
3022
2805
2687
2616
2557
2515
2295
2525
355
2466
396
399
2493
2471
2468
2421
481
2449
2461
449
2545
483
470
457
466
486
415
2533
403
2557
496
444
494
2354
529
505
2563
442
2494
2542
2559
467
447
450
2599
489
2565
2568
402
506
362
2522
2534
2524
481
2601
2558
2596
2621
2649
2695
2745
2807
2886
3001
3220
3697
3022
2805
2687
2616
2557
2515
2295
2525
355
2466
396
399
2493
2471
2468
2421
481
2449
2461
449
2545
483
470
457
466
486
415
2533
403
2557
496
444
494
2354
529
505
2563
442
2494
2542
2559
467
447
450
2599
489
2565
2568
402
506
362
2522
2534
2524
481
2601
2558
2596
2621
2649
2695
2745
2807
2886
3001
3220
3697
3022
2805
2687
2616
2557
2515
2295
2525
355
2466
396
399
2493
2471
2468
2421
481
2449
2461
449
2545
483
470
457
466
486
415
2533
403
2557
496
444
494
2354
529
505
2563
442
2494
2542
2559
467
447
450
2599
489
2565
2568
402
506
362
2522
2534
2524
481
2601
2558
2596
2621
2649
2695
2745
2807
2886
3001
3220
3697
3022
2805
2687
2616
2557
2515
2295
2525
355
2466
396
399
2493
2471
2468
2421
481
2449
2461
449
2545
483
470
457
466
486
415
2533
403
2557
496
444
494
2354
529
505
2563
442
2494
2542
2559
467
447
450
2599
489
2565
2568
402
506
362
2522
2534
2524
481
2601
2558
2596
2621
2649
2695
2745
2807
2886
3001
3220
3697
3022
2805
2687
2616
2557
2515
2295
2525
355
2466
396
399
2493
2471
2468
2421
481
2449
2461
449
2545
483
470
457
466
486
415
2533
403
2557
496
444
494
2354
529
505
2563
442
2494
2542
2559
467
447
450
2599
489
2565
2568
402
506
362
2522
2534
2524
481
2601
2558
2596
2621
2649
2695
2745
2807
2886
3001
3220
3697
3022
2805
2687
2616
2557
2515
2295
2525
355
2466
396
399
2493
2471
2468
2421
481
2449
2461
449
2545
483
470
457
466
486
415
2533
403
2557
496
444
494
2354
529
505
2563
442
2494
2542
2559
467
447
450
2599
489
2565
2568
402
506
362
2522
2534
2524
481
2601
2558
2596
2621
2649
2695
2745
2807
2886
3001
3220
3697
3022
2805
2687
2616
2557
2515
2295
2525
355
2466
396
399
2493
2471
2468
2421
481
2449
2461
449
2545
483
470
457
466
486
415
2533
403
2557
496
444
494
2354
529
505
2563
442
2494
2542
2559
467
447
450
2599
489
2565
2568
402
506
362
2522
2534
2524
481
2601
2558
2596
2621
2649
2695
2745
2807
2886
3001
3220
3697
3022
2805
2687
2616
2557
2515
2295
2525
355
2466
396
399
2493
2471
2468
2421
481
2449
2461
449
2545
483
470
457
466
486
415
2533
403
2557
496
444
494
2354
529
505
2563
442
2494
2542
2559
467
447
450
2599
489
2565
2568
402
506
362
2522
2534
2524
481
2601
2558
2596
2621
2649
2695
2745
2807
2886
3001
3220
3697
3022
2805
2687
2616
2557
2515
2295
2525
355
2466
396
399
2493
2471
2468
2421
481
2449
2461
449
2545
483
470
457
466
486
415
2533
403
2557
496
444
494
2354
529
505
2563
442
2494
2542
2559
467
447
450
2599
489
2565
2568
402
506
362
2522
2534
2524
481
2601
2558
2596
2621
2649
2695
2745
2807
2886
3001
3220
3697
3022
2805
2687
2616
2557
2515
2295
2525
355
2466
396
399
2493
2471
2468
2421
481
2449
2461
449
2545
483
470
457
466
486
415
2533
403
2557
496
444
494
2354
529
505
2563
442
2494
2542
2559
467
447
450
2599
489
2565
2568
402
506
362
2522
2534
2524
481
2601
2558
2596
2621
2649
2695
2745
2807
2886
3001
3220
3697
3022
2805
2687
2616
2557
2515
2295
2525
355
2466
396
399
2493
2471
2468
2421
481
2449
2461
449
2545
483
470
457
466
486
415
2533
403
2557
496
444
494
2354
529
505
2563
442
2494
2542
2559
467
447
450
2599
489
2565
2568
402
506
362
2522
2534
2524
481
2601
2558
2596
2621
2649
2695
2745
2807
2886
3001
3220
3697
3022
2805
2687
2616
2557
2515
2295
2525
355
2466
396
399
2493
2471
2468
2421
481
2449
2461
449
2545
483
470
457
466
486
415
2533
403
2557
496
444
494
2354
529
505
2563
442
2494
2542
2559
467
447
450
2599
489
2565
2568
402
506
362
2522
2534
2524
481
2601
2558
2596
2621
2649
2695
2745
2807
2886
3001
3220
3697
3022
2805
2687
2616
2557
2515
2295
2525
355
2466
396
399
2493
2471
2468
2421
481
2449
2461
449
2545
483
470
457
466
486
415
2533
403
2557
496
444
494
2354
529
505
2563
442
2494
2542
2559
467
447
450
2599
489
2565
2568
402
506
362
2522
2534
2524
481
2601
2558
2596
2621
2649
2695
2745
2807
2886
3001
3220
3697
3022
2805
2687
2616
2557
2515
2295
2525
355
2466
396
399
2493
2471
2468
2421
481
2449
2461
449
2545
483
470
457
466
486
415
2533
403
2557
496
444
494
2354
529
505
2563
442
2494
2542
2559
467
447
450
2599
489
2565
2568
402
506
362
2522
2534
2524
481
2601
2558
2596
2621
2649
2695
2745
2807
2886
3001
3220
3697
3022
2805
2687
2616
2557
2515
2295
2525
355
2466
396
399
2493
2471
2468
2421
481
2449
2461
449
2545
483
470
457
466
486
415
2533
403
3065
3084
3097
3108
3117
3124
3130
3136
3141
3146
3150
3155
3158
3162
3165
3169
3172
3175
3180
3185
3191
3196
3201
3206
3212
3217
3222
3228
3236
3248
3261
3276
3293
3314
3340
3377
3443
3694
3376
3312
3275
3248
3228
3210
3196
3183
3171
3157
3139
3124
3110
3098
3086
3076
3066
3057
3044
3167
3151
3145
3135
3131
3125
3122
3042
3170
3042
