487
491
2509
2495
2520
485
2388
457
2537
416
533
2508
504
458
389
2515
444
540
491
473
503
470
499
2508
505
522
535
509
560
585
621
664
713
773
854
968
1188
1665
989
774
661
577
520
477
423
485
478
2465
2465
2379
310
465
424
443
486
2476
2476
484
2522
2425
2501
2493
2485
2455
2541
487
443
487
491
2509
2495
2520
485
2388
457
2537
416
533
2508
504
458
389
2515
444
540
491
473
503
470
499
2508
505
522
535
509
560
585
621
664
713
773
854
968
1188
1665
989
774
661
577
520
477
423
485
478
2465
2465
2379
310
465
424
443
486
2476
2476
484
2522
2425
2501
2493
2485
2455
2541
487
443
487
491
2509
2495
2520
485
2388
457
2537
416
533
2508
504
458
389
2515
444
540
491
473
503
470
499
2508
505
522
535
509
560
585
621
664
713
773
854
968
1188
1665
989
774
661
577
520
477
423
485
478
2465
2465
2379
310
465
424
443
486
2476
2476
484
2522
2425
2501
2493
2485
2455
2541
487
443
487
491
2509
2495
2520
485
2388
457
2537
416
533
2508
504
458
389
2515
444
540
491
473
503
470
499
2508
505
522
535
509
560
585
621
664
713
773
854
968
1188
1665
989
774
661
577
520
477
423
485
478
2465
2465
2379
310
465
424
443
486
2476
2476
484
2522
2425
2501
2493
2485
2455
2541
487
443
487
491
2509
2495
2520
485
2388
457
2537
416
533
2508
504
458
389
2515
444
540
491
473
503
470
499
2508
505
522
535
509
560
585
621
664
713
773
854
968
1188
1665
989
774
661
577
520
477
423
485
478
2465
2465
2379
310
465
424
443
486
2476
2476
484
2522
2425
2501
2493
2485
2455
2541
487
443
487
491
2509
2495
2520
485
2388
457
2537
416
533
2508
504
458
389
2515
444
540
491
473
503
470
499
2508
505
522
535
509
560
585
621
664
713
773
854
968
1188
1665
989
774
661
577
520
477
423
485
478
2465
2465
2379
310
465
424
443
486
2476
2476
484
2522
2425
2501
2493
2485
2455
2541
487
443
487
491
2509
2495
2520
485
2388
457
2537
416
533
2508
504
458
389
2515
444
540
491
473
503
470
499
2508
505
522
535
509
560
585
621
664
713
773
854
968
1188
1665
989
774
661
577
520
477
423
485
478
2465
2465
2379
310
465
424
443
486
2476
2476
484
2522
2425
2501
2493
2485
2455
2541
487
443
487
491
2509
2495
2520
485
2388
457
2537
416
533
2508
504
458
389
2515
444
540
491
473
503
470
499
2508
505
522
535
509
560
585
621
664
713
773
854
968
1188
1665
989
774
661
577
520
477
423
485
478
2465
2465
2379
310
465
424
443
486
2476
2476
484
2522
2425
2501
2493
2485
2455
2541
487
443
487
491
2509
2495
2520
485
2388
457
2537
416
533
2508
504
458
389
2515
444
540
491
473
503
470
499
2508
505
522
535
509
560
585
621
664
713
773
854
968
1188
1665
989
774
661
577
520
477
423
485
478
2465
2465
2379
310
465
424
443
486
2476
2476
484
2522
2425
2501
2493
2485
2455
2541
487
443
487
491
2509
2495
2520
485
2388
457
2537
416
533
2508
504
458
389
2515
444
540
491
473
503
470
499
2508
505
522
535
509
560
585
621
664
713
773
854
968
1188
1665
989
774
661
577
520
477
423
485
478
2465
2465
2379
310
465
424
443
486
2476
2476
484
2522
2425
2501
2493
2485
2455
2541
487
443
487
491
2509
2495
2520
485
2388
457
2537
416
533
2508
504
458
389
2515
444
540
491
473
503
470
499
2508
505
522
535
509
560
585
621
664
713
773
854
968
1188
1665
989
774
661
577
520
477
423
485
478
2465
2465
2379
310
465
424
443
486
2476
2476
484
2522
2425
2501
2493
2485
2455
2541
487
443
487
491
2509
2495
2520
485
2388
457
2537
416
533
2508
504
458
389
2515
444
540
491
473
503
470
499
2508
505
522
535
509
560
585
621
664
713
773
854
968
1188
1665
989
774
661
577
520
477
423
485
478
2465
2465
2379
310
465
424
443
486
2476
2476
484
2522
2425
2501
2493
2485
2455
2541
487
443
487
491
2509
2495
2520
485
2388
457
2537
416
533
2508
504
458
389
2515
444
540
491
473
503
470
499
2508
505
522
535
509
560
585
621
664
713
773
854
968
1188
1665
989
774
661
577
520
477
423
485
478
2465
2465
2379
310
465
424
443
486
2476
2476
484
2522
2425
2501
2493
2485
2455
2541
487
443
487
491
2509
2495
2520
485
2388
457
2537
416
533
2508
504
458
389
2515
444
540
491
473
503
470
499
2508
505
522
535
509
560
585
621
664
713
773
854
968
1188
1665
989
774
661
577
520
477
423
485
478
2465
2465
2379
310
465
424
443
486
2476
2476
484
2522
2425
2501
2493
2485
2455
2541
487
443
487
491
2509
2495
2520
485
2388
457
2537
416
533
2508
504
458
389
2515
444
540
491
473
503
470
499
2508
505
522
535
509
560
585
621
664
713
773
854
968
1188
1665
989
774
661
577
520
477
423
485
478
2465
2465
2379
310
465
424
443
486
2476
2476
484
2522
2425
2501
2493
2485
2455
2541
487
443
1251
1251
1251
1251
1251
1251
1251
1252
1252
1252
1252
1253
1253
1253
1254
1254
1254
1255
1255
1256
1257
1259
1260
1261
1263
1265
1267
1269
1272
1278
1284
1293
1303
1317
1336
1364
1420
1661
1314
1157
3239
3247
3246
3241
3236
3231
3226
3220
3211
3204
3197
3191
3186
3181
3176
3172
3167
3225
3217
3214
3210
3207
3205
3203
3166
3218
3159
