2504
2493
517
2449
496
465
505
2559
408
200
2586
2596
2555
2459
2540
506
2567
2556
2459
439
417
429
520
2522
2493
500
544
527
540
385
2544
454
2551
506
462
2529
2404
2440
486
2543
366
2583
2591
2634
2657
2715
2767
2912
3720
3720
2912
2747
2652
2593
2486
2512
2460
2788
2927
3026
3324
3846
3269
3151
460
2689
2441
2504
2493
517
2449
496
465
505
2559
408
200
2586
2596
2555
2459
2540
506
2567
2556
2459
439
417
429
520
2522
2493
500
544
527
540
385
2544
454
2551
506
462
2529
2404
2440
486
2543
366
2583
2591
2634
2657
2715
2767
2912
3720
3720
2912
2747
2652
2593
2486
2512
2460
2788
2927
3026
3324
3846
3269
3151
460
2689
2441
2504
2493
517
2449
496
465
505
2559
408
200
2586
2596
2555
2459
2540
506
2567
2556
2459
439
417
429
520
2522
2493
500
544
527
540
385
2544
454
2551
506
462
2529
2404
2440
486
2543
366
2583
2591
2634
2657
2715
2767
2912
3720
3720
2912
2747
2652
2593
2486
2512
2460
2788
2927
3026
3324
3846
3269
3151
460
2689
2441
2504
2493
517
2449
496
465
505
2559
408
200
2586
2596
2555
2459
2540
506
2567
2556
2459
439
417
429
520
2522
2493
500
544
527
540
385
2544
454
2551
506
462
2529
2404
2440
486
2543
366
2583
2591
2634
2657
2715
2767
2912
3720
3720
2912
2747
2652
2593
2486
2512
2460
2788
2927
3026
3324
3846
3269
3151
460
2689
2441
2504
2493
517
2449
496
465
505
2559
408
200
2586
2596
2555
2459
2540
506
2567
2556
2459
439
417
429
520
2522
2493
500
544
527
540
385
2544
454
2551
506
462
2529
2404
2440
486
2543
366
2583
2591
2634
2657
2715
2767
2912
3720
3720
2912
2747
2652
2593
2486
2512
2460
2788
2927
3026
3324
3846
3269
3151
460
2689
2441
2504
2493
517
2449
496
465
505
2559
408
200
2586
2596
2555
2459
2540
506
2567
2556
2459
439
417
429
520
2522
2493
500
544
527
540
385
2544
454
2551
506
462
2529
2404
2440
486
2543
366
2583
2591
2634
2657
2715
2767
2912
3720
3720
2912
2747
2652
2593
2486
2512
2460
2788
2927
3026
3324
3846
3269
3151
460
2689
2441
2504
2493
517
2449
496
465
505
2559
408
200
2586
2596
2555
2459
2540
506
2567
2556
2459
439
417
429
520
2522
2493
500
544
527
540
385
2544
454
2551
506
462
2529
2404
2440
486
2543
366
2583
2591
2634
2657
2715
2767
2912
3720
3720
2912
2747
2652
2593
2486
2512
2460
2788
2927
3026
3324
3846
3269
3151
460
2689
2441
2504
2493
517
2449
496
465
505
2559
408
200
2586
2596
2555
2459
2540
506
2567
2556
2459
439
417
429
520
2522
2493
500
544
527
540
385
2544
454
2551
506
462
2529
2404
2440
486
2543
366
2583
2591
2634
2657
2715
2767
2912
3720
3720
2912
2747
2652
2593
2486
2512
2460
2788
2927
3026
3324
3846
3269
3151
460
2689
2441
2504
2493
517
2449
496
465
505
2559
408
200
2586
2596
2555
2459
2540
506
2567
2556
2459
439
417
429
520
2522
2493
500
544
527
540
385
2544
454
2551
506
462
2529
2404
2440
486
2543
366
2583
2591
2634
2657
2715
2767
2912
3720
3720
2912
2747
2652
2593
2486
2512
2460
2788
2927
3026
3324
3846
3269
3151
460
2689
2441
2504
2493
517
2449
496
465
505
2559
408
200
2586
2596
2555
2459
2540
506
2567
2556
2459
439
417
429
520
2522
2493
500
544
527
540
385
2544
454
2551
506
462
2529
2404
2440
486
2543
366
2583
2591
2634
2657
2715
2767
2912
3720
3720
2912
2747
2652
2593
2486
2512
2460
2788
2927
3026
3324
3846
3269
3151
460
2689
2441
2504
2493
517
2449
496
465
505
2559
408
200
2586
2596
2555
2459
2540
506
2567
2556
2459
439
417
429
520
2522
2493
500
544
527
540
385
2544
454
2551
506
462
2529
2404
2440
486
2543
366
2583
2591
2634
2657
2715
2767
2912
3720
3720
2912
2747
2652
2593
2486
2512
2460
2788
2927
3026
3324
3846
3269
3151
460
2689
2441
2504
2493
517
2449
496
465
505
2559
408
200
2586
2596
2555
2459
2540
506
2567
2556
2459
439
417
429
520
2522
2493
500
544
527
540
385
2544
454
2551
506
462
2529
2404
2440
486
2543
366
2583
2591
2634
2657
2715
2767
2912
3720
3720
2912
2747
2652
2593
2486
2512
2460
2788
2927
3026
3324
3846
3269
3151
460
2689
2441
2504
2493
517
2449
496
465
505
2559
408
200
2586
2596
2555
2459
2540
506
2567
2556
2459
439
417
429
520
2522
2493
500
544
527
540
385
2544
454
2551
506
462
2529
2404
2440
486
2543
366
2583
2591
2634
2657
2715
2767
2912
3720
3720
2912
2747
2652
2593
2486
2512
2460
2788
2927
3026
3324
3846
3269
3151
460
2689
2441
2504
2493
517
2449
496
465
505
2559
408
200
2586
2596
2555
2459
2540
506
2567
2556
2459
439
417
429
520
2522
2493
500
544
527
540
385
2544
454
2551
506
462
2529
2404
2440
486
2543
366
2583
2591
2634
2657
2715
2767
2912
3720
3720
2912
2747
2652
2593
2486
2512
2460
2788
2927
3026
3324
3846
3269
3151
460
2689
2441
2504
2493
517
2449
496
465
505
2559
408
200
2586
2596
2555
2459
2540
506
2567
2556
2459
439
417
429
520
2522
2493
500
544
527
540
385
2544
454
2551
506
462
2529
2404
2440
486
2543
366
2583
2591
2634
2657
2715
2767
2912
3720
3720
2912
2747
2652
2593
2486
2512
2460
2788
2927
3026
3324
3846
3269
3151
460
2689
2441
3032
3051
3063
3073
3082
3089
3095
3101
3105
3110
3114
3117
3121
3124
3127
3130
3133
3135
3139
3144
3148
3152
3156
3159
3162
3165
3168
3171
3175
3181
3186
3190
3195
3199
3204
3208
3213
3219
3228
3237
3247
3257
3268
3280
3294
3310
3329
3372
3717
3717
3372
3321
3288
3264
3245
3228
3208
3337
3383
3417
3515
3842
3497
3458
3205
3295
3213
