513
551
454
490
2571
478
467
2561
480
2465
2559
2573
2595
492
2598
2607
2508
440
2583
2485
2504
2590
2604
2582
2611
2624
2655
2650
2672
2704
2740
2782
2833
2894
2973
3088
3307
3784
3109
2893
2780
2698
2640
2586
2539
2530
418
2530
2459
428
418
436
2384
2436
455
471
300
2567
2518
408
2466
2314
474
2502
409
2513
456
513
551
454
490
2571
478
467
2561
480
2465
2559
2573
2595
492
2598
2607
2508
440
2583
2485
2504
2590
2604
2582
2611
2624
2655
2650
2672
2704
2740
2782
2833
2894
2973
3088
3307
3784
3109
2893
2780
2698
2640
2586
2539
2530
418
2530
2459
428
418
436
2384
2436
455
471
300
2567
2518
408
2466
2314
474
2502
409
2513
456
513
551
454
490
2571
478
467
2561
480
2465
2559
2573
2595
492
2598
2607
2508
440
2583
2485
2504
2590
2604
2582
2611
2624
2655
2650
2672
2704
2740
2782
2833
2894
2973
3088
3307
3784
3109
2893
2780
2698
2640
2586
2539
2530
418
2530
2459
428
418
436
2384
2436
455
471
300
2567
2518
408
2466
2314
474
2502
409
2513
456
513
551
454
490
2571
478
467
2561
480
2465
2559
2573
2595
492
2598
2607
2508
440
2583
2485
2504
2590
2604
2582
2611
2624
2655
2650
2672
2704
2740
2782
2833
2894
2973
3088
3307
3784
3109
2893
2780
2698
2640
2586
2539
2530
418
2530
2459
428
418
436
2384
2436
455
471
300
2567
2518
408
2466
2314
474
2502
409
2513
456
513
551
454
490
2571
478
467
2561
480
2465
2559
2573
2595
492
2598
2607
2508
440
2583
2485
2504
2590
2604
2582
2611
2624
2655
2650
2672
2704
2740
2782
2833
2894
2973
3088
3307
3784
3109
2893
2780
2698
2640
2586
2539
2530
418
2530
2459
428
418
436
2384
2436
455
471
300
2567
2518
408
2466
2314
474
2502
409
2513
456
513
551
454
490
2571
478
467
2561
480
2465
2559
2573
2595
492
2598
2607
2508
440
2583
2485
2504
2590
2604
2582
2611
2624
2655
2650
2672
2704
2740
2782
2833
2894
2973
3088
3307
3784
3109
2893
2780
2698
2640
2586
2539
2530
418
2530
2459
428
418
436
2384
2436
455
471
300
2567
2518
408
2466
2314
474
2502
409
2513
456
513
551
454
490
2571
478
467
2561
480
2465
2559
2573
2595
492
2598
2607
2508
440
2583
2485
2504
2590
2604
2582
2611
2624
2655
2650
2672
2704
2740
2782
2833
2894
2973
3088
3307
3784
3109
2893
2780
2698
2640
2586
2539
2530
418
2530
2459
428
418
436
2384
2436
455
471
300
2567
2518
408
2466
2314
474
2502
409
2513
456
513
551
454
490
2571
478
467
2561
480
2465
2559
2573
2595
492
2598
2607
2508
440
2583
2485
2504
2590
2604
2582
2611
2624
2655
2650
2672
2704
2740
2782
2833
2894
2973
3088
3307
3784
3109
2893
2780
2698
2640
2586
2539
2530
418
2530
2459
428
418
436
2384
2436
455
471
300
2567
2518
408
2466
2314
474
2502
409
2513
456
513
551
454
490
2571
478
467
2561
480
2465
2559
2573
2595
492
2598
2607
2508
440
2583
2485
2504
2590
2604
2582
2611
2624
2655
2650
2672
2704
2740
2782
2833
2894
2973
3088
3307
3784
3109
2893
2780
2698
2640
2586
2539
2530
418
2530
2459
428
418
436
2384
2436
455
471
300
2567
2518
408
2466
2314
474
2502
409
2513
456
513
551
454
490
2571
478
467
2561
480
2465
2559
2573
2595
492
2598
2607
2508
440
2583
2485
2504
2590
2604
2582
2611
2624
2655
2650
2672
2704
2740
2782
2833
2894
2973
3088
3307
3784
3109
2893
2780
2698
2640
2586
2539
2530
418
2530
2459
428
418
436
2384
2436
455
471
300
2567
2518
408
2466
2314
474
2502
409
2513
456
513
551
454
490
2571
478
467
2561
480
2465
2559
2573
2595
492
2598
2607
2508
440
2583
2485
2504
2590
2604
2582
2611
2624
2655
2650
2672
2704
2740
2782
2833
2894
2973
3088
3307
3784
3109
2893
2780
2698
2640
2586
2539
2530
418
2530
2459
428
418
436
2384
2436
455
471
300
2567
2518
408
2466
2314
474
2502
409
2513
456
513
551
454
490
2571
478
467
2561
480
2465
2559
2573
2595
492
2598
2607
2508
440
2583
2485
2504
2590
2604
2582
2611
2624
2655
2650
2672
2704
2740
2782
2833
2894
2973
3088
3307
3784
3109
2893
2780
2698
2640
2586
2539
2530
418
2530
2459
428
418
436
2384
2436
455
471
300
2567
2518
408
2466
2314
474
2502
409
2513
456
513
551
454
490
2571
478
467
2561
480
2465
2559
2573
2595
492
2598
2607
2508
440
2583
2485
2504
2590
2604
2582
2611
2624
2655
2650
2672
2704
2740
2782
2833
2894
2973
3088
3307
3784
3109
2893
2780
2698
2640
2586
2539
2530
418
2530
2459
428
418
436
2384
2436
455
471
300
2567
2518
408
2466
2314
474
2502
409
2513
456
513
551
454
490
2571
478
467
2561
480
2465
2559
2573
2595
492
2598
2607
2508
440
2583
2485
2504
2590
2604
2582
2611
2624
2655
2650
2672
2704
2740
2782
2833
2894
2973
3088
3307
3784
3109
2893
2780
2698
2640
2586
2539
2530
418
2530
2459
428
418
436
2384
2436
455
471
300
2567
2518
408
2466
2314
474
2502
409
2513
456
513
551
454
490
2571
478
467
2561
480
2465
2559
2573
2595
492
2598
2607
2508
440
2583
2485
2504
2590
2604
2582
2611
2624
2655
2650
2672
2704
2740
2782
2833
2894
2973
3088
3307
3784
3109
2893
2780
2698
2640
2586
2539
2530
418
2530
2459
428
418
436
2384
2436
455
471
300
2567
2518
408
2466
2314
474
2502
409
2513
456
3152
3171
3184
3195
3204
3211
3217
3223
3228
3233
3237
3241
3245
3249
3252
3256
3259
3262
3266
3272
3278
3283
3288
3293
3299
3304
3309
3315
3323
3335
3348
3363
3380
3401
3427
3464
3529
3781
3463
3399
3362
3335
3315
3297
3283
3270
3258
3244
3226
3210
3197
3185
3173
3163
3153
3144
3131
3254
3238
3232
3222
3218
3212
3209
3129
3257
3130
