2500
2563
488
329
2491
2518
413
266
448
440
530
2513
2546
450
375
2398
2523
2460
2452
374
2534
490
484
2453
2375
442
499
2435
2539
2502
2518
387
469
453
2463
2492
544
2541
430
2528
501
414
2548
2561
2537
2636
2678
2826
3633
3633
2826
2659
2576
2418
2458
2494
2484
2706
2842
2939
3237
3760
3182
3065
2391
2623
435
2500
2563
488
329
2491
2518
413
266
448
440
530
2513
2546
450
375
2398
2523
2460
2452
374
2534
490
484
2453
2375
442
499
2435
2539
2502
2518
387
469
453
2463
2492
544
2541
430
2528
501
414
2548
2561
2537
2636
2678
2826
3633
3633
2826
2659
2576
2418
2458
2494
2484
2706
2842
2939
3237
3760
3182
3065
2391
2623
435
2500
2563
488
329
2491
2518
413
266
448
440
530
2513
2546
450
375
2398
2523
2460
2452
374
2534
490
484
2453
2375
442
499
2435
2539
2502
2518
387
469
453
2463
2492
544
2541
430
2528
501
414
2548
2561
2537
2636
2678
2826
3633
3633
2826
2659
2576
2418
2458
2494
2484
2706
2842
2939
3237
3760
3182
3065
2391
2623
435
2500
2563
488
329
2491
2518
413
266
448
440
530
2513
2546
450
375
2398
2523
2460
2452
374
2534
490
484
2453
2375
442
499
2435
2539
2502
2518
387
469
453
2463
2492
544
2541
430
2528
501
414
2548
2561
2537
2636
2678
2826
3633
3633
2826
2659
2576
2418
2458
2494
2484
2706
2842
2939
3237
3760
3182
3065
2391
2623
435
2500
2563
488
329
2491
2518
413
266
448
440
530
2513
2546
450
375
2398
2523
2460
2452
374
2534
490
484
2453
2375
442
499
2435
2539
2502
2518
387
469
453
2463
2492
544
2541
430
2528
501
414
2548
2561
2537
2636
2678
2826
3633
3633
2826
2659
2576
2418
2458
2494
2484
2706
2842
2939
3237
3760
3182
3065
2391
2623
435
2500
2563
488
329
2491
2518
413
266
448
440
530
2513
2546
450
375
2398
2523
2460
2452
374
2534
490
484
2453
2375
442
499
2435
2539
2502
2518
387
469
453
2463
2492
544
2541
430
2528
501
414
2548
2561
2537
2636
2678
2826
3633
3633
2826
2659
2576
2418
2458
2494
2484
2706
2842
2939
3237
3760
3182
3065
2391
2623
435
2500
2563
488
329
2491
2518
413
266
448
440
530
2513
2546
450
375
2398
2523
2460
2452
374
2534
490
484
2453
2375
442
499
2435
2539
2502
2518
387
469
453
2463
2492
544
2541
430
2528
501
414
2548
2561
2537
2636
2678
2826
3633
3633
2826
2659
2576
2418
2458
2494
2484
2706
2842
2939
3237
3760
3182
3065
2391
2623
435
2500
2563
488
329
2491
2518
413
266
448
440
530
2513
2546
450
375
2398
2523
2460
2452
374
2534
490
484
2453
2375
442
499
2435
2539
2502
2518
387
469
453
2463
2492
544
2541
430
2528
501
414
2548
2561
2537
2636
2678
2826
3633
3633
2826
2659
2576
2418
2458
2494
2484
2706
2842
2939
3237
3760
3182
3065
2391
2623
435
2500
2563
488
329
2491
2518
413
266
448
440
530
2513
2546
450
375
2398
2523
2460
2452
374
2534
490
484
2453
2375
442
499
2435
2539
2502
2518
387
469
453
2463
2492
544
2541
430
2528
501
414
2548
2561
2537
2636
2678
2826
3633
3633
2826
2659
2576
2418
2458
2494
2484
2706
2842
2939
3237
3760
3182
3065
2391
2623
435
2500
2563
488
329
2491
2518
413
266
448
440
530
2513
2546
450
375
2398
2523
2460
2452
374
2534
490
484
2453
2375
442
499
2435
2539
2502
2518
387
469
453
2463
2492
544
2541
430
2528
501
414
2548
2561
2537
2636
2678
2826
3633
3633
2826
2659
2576
2418
2458
2494
2484
2706
2842
2939
3237
3760
3182
3065
2391
2623
435
2500
2563
488
329
2491
2518
413
266
448
440
530
2513
2546
450
375
2398
2523
2460
2452
374
2534
490
484
2453
2375
442
499
2435
2539
2502
2518
387
469
453
2463
2492
544
2541
430
2528
501
414
2548
2561
2537
2636
2678
2826
3633
3633
2826
2659
2576
2418
2458
2494
2484
2706
2842
2939
3237
3760
3182
3065
2391
2623
435
2500
2563
488
329
2491
2518
413
266
448
440
530
2513
2546
450
375
2398
2523
2460
2452
374
2534
490
484
2453
2375
442
499
2435
2539
2502
2518
387
469
453
2463
2492
544
2541
430
2528
501
414
2548
2561
2537
2636
2678
2826
3633
3633
2826
2659
2576
2418
2458
2494
2484
2706
2842
2939
3237
3760
3182
3065
2391
2623
435
2500
2563
488
329
2491
2518
413
266
448
440
530
2513
2546
450
375
2398
2523
2460
2452
374
2534
490
484
2453
2375
442
499
2435
2539
2502
2518
387
469
453
2463
2492
544
2541
430
2528
501
414
2548
2561
2537
2636
2678
2826
3633
3633
2826
2659
2576
2418
2458
2494
2484
2706
2842
2939
3237
3760
3182
3065
2391
2623
435
2500
2563
488
329
2491
2518
413
266
448
440
530
2513
2546
450
375
2398
2523
2460
2452
374
2534
490
484
2453
2375
442
499
2435
2539
2502
2518
387
469
453
2463
2492
544
2541
430
2528
501
414
2548
2561
2537
2636
2678
2826
3633
3633
2826
2659
2576
2418
2458
2494
2484
2706
2842
2939
3237
3760
3182
3065
2391
2623
435
2500
2563
488
329
2491
2518
413
266
448
440
530
2513
2546
450
375
2398
2523
2460
2452
374
2534
490
484
2453
2375
442
499
2435
2539
2502
2518
387
469
453
2463
2492
544
2541
430
2528
501
414
2548
2561
2537
2636
2678
2826
3633
3633
2826
2659
2576
2418
2458
2494
2484
2706
2842
2939
3237
3760
3182
3065
2391
2623
435
2957
2972
2979
2983
2992
3001
3009
3015
3019
3023
3028
3031
3033
3037
3042
3044
3046
3048
3052
3056
3062
3065
3069
3072
3075
3078
3081
3084
3089
3093
3099
3104
3108
3112
3117
3121
3126
3132
3141
3150
3160
3170
3181
3193
3207
3223
3242
3285
3630
3630
3285
3234
3201
3177
3158
3141
3121
3250
3296
3330
3428
3755
3410
3371
3118
3208
3126
