894
901
911
922
935
951
967
985
1004
1026
1049
1074
1102
1133
1169
1209
1257
1315
1465
1789
1780
1450
1287
1188
1116
1059
1013
972
925
868
821
781
744
716
688
664
645
610
590
543
546
484
493
485
447
414
482
474
487
442
439
475
485
505
471
494
481
450
492
517
493
493
2477
429
467
2459
473
882
890
903
915
929
947
964
982
1002
1024
1048
1074
1102
1133
1168
1209
1257
1315
1465
1789
1780
1450
1287
1188
1116
1060
1013
973
925
869
822
782
749
715
692
665
650
611
595
545
551
373
494
486
453
451
442
460
484
404
493
449
470
451
459
463
463
449
523
534
452
468
2529
495
510
2497
2454
894
901
911
922
935
951
967
985
1004
1026
1049
1074
1102
1133
1169
1209
1257
1315
1465
1789
1780
1450
1287
1188
1116
1059
1013
972
925
868
821
781
744
716
688
664
645
610
590
543
546
484
493
485
447
414
482
474
487
442
439
475
485
505
471
494
481
450
492
517
493
493
2477
429
467
2459
473
882
890
903
915
929
947
964
982
1002
1024
1048
1074
1102
1133
1168
1209
1257
1315
1465
1789
1780
1450
1287
1188
1116
1060
1013
973
925
869
822
782
749
715
692
665
650
611
595
545
551
373
494
486
453
451
442
460
484
404
493
449
470
451
459
463
463
449
523
534
452
468
2529
495
510
2497
2454
894
901
911
922
935
951
967
985
1004
1026
1049
1074
1102
1133
1169
1209
1257
1315
1465
1789
1780
1450
1287
1188
1116
1059
1013
972
925
868
821
781
744
716
688
664
645
610
590
543
546
484
493
485
447
414
482
474
487
442
439
475
485
505
471
494
481
450
492
517
493
493
2477
429
467
2459
473
882
890
903
915
929
947
964
982
1002
1024
1048
1074
1102
1133
1168
1209
1257
1315
1465
1789
1780
1450
1287
1188
1116
1060
1013
973
925
869
822
782
749
715
692
665
650
611
595
545
551
373
494
486
453
451
442
460
484
404
493
449
470
451
459
463
463
449
523
534
452
468
2529
495
510
2497
2454
894
901
911
922
935
951
967
985
1004
1026
1049
1074
1102
1133
1169
1209
1257
1315
1465
1789
1780
1450
1287
1188
1116
1059
1013
972
925
868
821
781
744
716
688
664
645
610
590
543
546
484
493
485
447
414
482
474
487
442
439
475
485
505
471
494
481
450
492
517
493
493
2477
429
467
2459
473
882
890
903
915
929
947
964
982
1002
1024
1048
1074
1102
1133
1168
1209
1257
1315
1465
1789
1780
1450
1287
1188
1116
1060
1013
973
925
869
822
782
749
715
692
665
650
611
595
545
551
373
494
486
453
451
442
460
484
404
493
449
470
451
459
463
463
449
523
534
452
468
2529
495
510
2497
2454
894
901
911
922
935
951
967
985
1004
1026
1049
1074
1102
1133
1169
1209
1257
1315
1465
1789
1780
1450
1287
1188
1116
1059
1013
972
925
868
821
781
744
716
688
664
645
610
590
543
546
484
493
485
447
414
482
474
487
442
439
475
485
505
471
494
481
450
492
517
493
493
2477
429
467
2459
473
882
890
903
915
929
947
964
982
1002
1024
1048
1074
1102
1133
1168
1209
1257
1315
1465
1789
1780
1450
1287
1188
1116
1060
1013
973
925
869
822
782
749
715
692
665
650
611
595
545
551
373
494
486
453
451
442
460
484
404
493
449
470
451
459
463
463
449
523
534
452
468
2529
495
510
2497
2454
894
901
911
922
935
951
967
985
1004
1026
1049
1074
1102
1133
1169
1209
1257
1315
1465
1789
1780
1450
1287
1188
1116
1059
1013
972
925
868
821
781
744
716
688
664
645
610
590
543
546
484
493
485
447
414
482
474
487
442
439
475
485
505
471
494
481
450
492
517
493
493
2477
429
467
2459
473
882
890
903
915
929
947
964
982
1002
1024
1048
1074
1102
1133
1168
1209
1257
1315
1465
1789
1780
1450
1287
1188
1116
1060
1013
973
925
869
822
782
749
715
692
665
650
611
595
545
551
373
494
486
453
451
442
460
484
404
493
449
470
451
459
463
463
449
523
534
452
468
2529
495
510
2497
2454
894
901
911
922
935
951
967
985
1004
1026
1049
1074
1102
1133
1169
1209
1257
1315
1465
1789
1780
1450
1287
1188
1116
1059
1013
972
925
868
821
781
744
716
688
664
645
610
590
543
546
484
493
485
447
414
482
474
487
442
439
475
485
505
471
494
481
450
492
517
493
493
2477
429
467
2459
473
882
890
903
915
929
947
964
982
1002
1024
1048
1074
1102
1133
1168
1209
1257
1315
1465
1789
1780
1450
1287
1188
1116
1060
1013
973
925
869
822
782
749
715
692
665
650
611
595
545
551
373
494
486
453
451
442
460
484
404
493
449
470
451
459
463
463
449
523
534
452
468
2529
495
510
2497
2454
894
901
911
922
935
951
967
985
1004
1026
1049
1074
1102
1133
1169
1209
1257
1315
1465
1789
1780
1450
1287
1188
1116
1059
1013
972
925
868
821
781
744
716
688
664
645
610
590
543
546
484
493
485
447
414
482
474
487
442
439
475
485
505
471
494
481
450
492
517
493
493
2477
429
467
2459
473
1404
1405
1406
1408
1409
1412
1415
1418
1422
1426
1431
1437
1444
1452
1461
1472
1486
1504
1554
1785
1777
1536
1473
1436
1408
1385
1366
1349
1327
1301
1279
1259
1240
1223
1206
1190
1175
1153
1121
1084
1029
3026
3082
3098
3105
3108
3109
3109
3107
3103
3100
3096
3092
3089
3086
3083
3079
3109
3108
3108
3106
3105
3104
3103
3078
3095
3069
