2911
2932
2952
2968
2986
3003
3021
3040
3060
3082
3105
3131
3159
3190
3225
3266
3314
3372
3522
3846
3837
3507
3343
3245
3173
3116
3070
3029
2982
2925
2878
2838
2803
2773
2745
2722
2697
2662
2650
2582
2600
2517
2506
2323
2521
2482
2445
325
408
2513
2513
447
480
497
2434
2446
2502
455
407
475
2392
458
2495
2539
283
2434
2481
2911
2932
2952
2969
2985
3004
3021
3040
3060
3082
3105
3131
3159
3190
3225
3266
3314
3372
3522
3846
3837
3507
3343
3245
3173
3116
3070
3029
2982
2925
2878
2838
2802
2772
2746
2720
2697
2665
2644
2591
2604
2498
2557
471
2513
399
358
2491
2502
2478
412
451
448
417
2453
363
2501
2477
305
2560
2462
2489
2497
416
2493
454
2505
2911
2932
2952
2968
2986
3003
3021
3040
3060
3082
3105
3131
3159
3190
3225
3266
3314
3372
3522
3846
3837
3507
3343
3245
3173
3116
3070
3029
2982
2925
2878
2838
2803
2773
2745
2722
2697
2662
2650
2582
2600
2517
2506
2323
2521
2482
2445
325
408
2513
2513
447
480
497
2434
2446
2502
455
407
475
2392
458
2495
2539
283
2434
2481
2911
2932
2952
2969
2985
3004
3021
3040
3060
3082
3105
3131
3159
3190
3225
3266
3314
3372
3522
3846
3837
3507
3343
3245
3173
3116
3070
3029
2982
2925
2878
2838
2802
2772
2746
2720
2697
2665
2644
2591
2604
2498
2557
471
2513
399
358
2491
2502
2478
412
451
448
417
2453
363
2501
2477
305
2560
2462
2489
2497
416
2493
454
2505
2911
2932
2952
2968
2986
3003
3021
3040
3060
3082
3105
3131
3159
3190
3225
3266
3314
3372
3522
3846
3837
3507
3343
3245
3173
3116
3070
3029
2982
2925
2878
2838
2803
2773
2745
2722
2697
2662
2650
2582
2600
2517
2506
2323
2521
2482
2445
325
408
2513
2513
447
480
497
2434
2446
2502
455
407
475
2392
458
2495
2539
283
2434
2481
2911
2932
2952
2969
2985
3004
3021
3040
3060
3082
3105
3131
3159
3190
3225
3266
3314
3372
3522
3846
3837
3507
3343
3245
3173
3116
3070
3029
2982
2925
2878
2838
2802
2772
2746
2720
2697
2665
2644
2591
2604
2498
2557
471
2513
399
358
2491
2502
2478
412
451
448
417
2453
363
2501
2477
305
2560
2462
2489
2497
416
2493
454
2505
2911
2932
2952
2968
2986
3003
3021
3040
3060
3082
3105
3131
3159
3190
3225
3266
3314
3372
3522
3846
3837
3507
3343
3245
3173
3116
3070
3029
2982
2925
2878
2838
2803
2773
2745
2722
2697
2662
2650
2582
2600
2517
2506
2323
2521
2482
2445
325
408
2513
2513
447
480
497
2434
2446
2502
455
407
475
2392
458
2495
2539
283
2434
2481
2911
2932
2952
2969
2985
3004
3021
3040
3060
3082
3105
3131
3159
3190
3225
3266
3314
3372
3522
3846
3837
3507
3343
3245
3173
3116
3070
3029
2982
2925
2878
2838
2802
2772
2746
2720
2697
2665
2644
2591
2604
2498
2557
471
2513
399
358
2491
2502
2478
412
451
448
417
2453
363
2501
2477
305
2560
2462
2489
2497
416
2493
454
2505
2911
2932
2952
2968
2986
3003
3021
3040
3060
3082
3105
3131
3159
3190
3225
3266
3314
3372
3522
3846
3837
3507
3343
3245
3173
3116
3070
3029
2982
2925
2878
2838
2803
2773
2745
2722
2697
2662
2650
2582
2600
2517
2506
2323
2521
2482
2445
325
408
2513
2513
447
480
497
2434
2446
2502
455
407
475
2392
458
2495
2539
283
2434
2481
2911
2932
2952
2969
2985
3004
3021
3040
3060
3082
3105
3131
3159
3190
3225
3266
3314
3372
3522
3846
3837
3507
3343
3245
3173
3116
3070
3029
2982
2925
2878
2838
2802
2772
2746
2720
2697
2665
2644
2591
2604
2498
2557
471
2513
399
358
2491
2502
2478
412
451
448
417
2453
363
2501
2477
305
2560
2462
2489
2497
416
2493
454
2505
2911
2932
2952
2968
2986
3003
3021
3040
3060
3082
3105
3131
3159
3190
3225
3266
3314
3372
3522
3846
3837
3507
3343
3245
3173
3116
3070
3029
2982
2925
2878
2838
2803
2773
2745
2722
2697
2662
2650
2582
2600
2517
2506
2323
2521
2482
2445
325
408
2513
2513
447
480
497
2434
2446
2502
455
407
475
2392
458
2495
2539
283
2434
2481
2911
2932
2952
2969
2985
3004
3021
3040
3060
3082
3105
3131
3159
3190
3225
3266
3314
3372
3522
3846
3837
3507
3343
3245
3173
3116
3070
3029
2982
2925
2878
2838
2802
2772
2746
2720
2697
2665
2644
2591
2604
2498
2557
471
2513
399
358
2491
2502
2478
412
451
448
417
2453
363
2501
2477
305
2560
2462
2489
2497
416
2493
454
2505
2911
2932
2952
2968
2986
3003
3021
3040
3060
3082
3105
3131
3159
3190
3225
3266
3314
3372
3522
3846
3837
3507
3343
3245
3173
3116
3070
3029
2982
2925
2878
2838
2803
2773
2745
2722
2697
2662
2650
2582
2600
2517
2506
2323
2521
2482
2445
325
408
2513
2513
447
480
497
2434
2446
2502
455
407
475
2392
458
2495
2539
283
2434
2481
2911
2932
2952
2969
2985
3004
3021
3040
3060
3082
3105
3131
3159
3190
3225
3266
3314
3372
3522
3846
3837
3507
3343
3245
3173
3116
3070
3029
2982
2925
2878
2838
2802
2772
2746
2720
2697
2665
2644
2591
2604
2498
2557
471
2513
399
358
2491
2502
2478
412
451
448
417
2453
363
2501
2477
305
2560
2462
2489
2497
416
2493
454
2505
2911
2932
2952
2968
2986
3003
3021
3040
3060
3082
3105
3131
3159
3190
3225
3266
3314
3372
3522
3846
3837
3507
3343
3245
3173
3116
3070
3029
2982
2925
2878
2838
2803
2773
2745
2722
2697
2662
2650
2582
2600
2517
2506
2323
2521
2482
2445
325
408
2513
2513
447
480
497
2434
2446
2502
455
407
475
2392
458
2495
2539
283
2434
2481
3345
3365
3379
3391
3402
3411
3420
3429
3437
3446
3455
3465
3475
3487
3499
3514
3530
3551
3605
3842
3834
3598
3539
3506
3482
3462
3446
3432
3415
3395
3378
3364
3351
3339
3328
3319
3310
3298
3283
3269
3257
3246
3236
3227
3218
3210
3202
3191
3178
3165
3154
3143
3134
3124
3115
3107
3095
3199
3187
3182
3175
3171
3167
3164
3093
3197
3093
