811
820
827
841
847
865
882
898
917
938
962
986
1015
1046
1081
1121
1169
1227
1377
1701
1692
1362
1199
1100
1028
971
924
884
836
780
731
694
648
628
603
577
567
521
477
467
456
2484
2461
476
411
422
476
2444
383
2469
454
2440
2379
2498
445
2445
465
495
2373
2477
2541
460
2542
431
510
363
2453
789
788
809
825
836
856
873
894
913
936
959
985
1013
1045
1080
1121
1169
1227
1377
1701
1692
1362
1199
1100
1028
972
925
885
837
782
734
694
664
634
605
568
567
538
444
437
469
478
454
386
2394
2347
467
450
407
2403
2462
392
445
383
452
2441
443
2381
2472
508
2532
383
2484
2513
494
2470
450
811
820
827
841
847
865
882
898
917
938
962
986
1015
1046
1081
1121
1169
1227
1377
1701
1692
1362
1199
1100
1028
971
924
884
836
780
731
694
648
628
603
577
567
521
477
467
456
2484
2461
476
411
422
476
2444
383
2469
454
2440
2379
2498
445
2445
465
495
2373
2477
2541
460
2542
431
510
363
2453
789
788
809
825
836
856
873
894
913
936
959
985
1013
1045
1080
1121
1169
1227
1377
1701
1692
1362
1199
1100
1028
972
925
885
837
782
734
694
664
634
605
568
567
538
444
437
469
478
454
386
2394
2347
467
450
407
2403
2462
392
445
383
452
2441
443
2381
2472
508
2532
383
2484
2513
494
2470
450
811
820
827
841
847
865
882
898
917
938
962
986
1015
1046
1081
1121
1169
1227
1377
1701
1692
1362
1199
1100
1028
971
924
884
836
780
731
694
648
628
603
577
567
521
477
467
456
2484
2461
476
411
422
476
2444
383
2469
454
2440
2379
2498
445
2445
465
495
2373
2477
2541
460
2542
431
510
363
2453
789
788
809
825
836
856
873
894
913
936
959
985
1013
1045
1080
1121
1169
1227
1377
1701
1692
1362
1199
1100
1028
972
925
885
837
782
734
694
664
634
605
568
567
538
444
437
469
478
454
386
2394
2347
467
450
407
2403
2462
392
445
383
452
2441
443
2381
2472
508
2532
383
2484
2513
494
2470
450
811
820
827
841
847
865
882
898
917
938
962
986
1015
1046
1081
1121
1169
1227
1377
1701
1692
1362
1199
1100
1028
971
924
884
836
780
731
694
648
628
603
577
567
521
477
467
456
2484
2461
476
411
422
476
2444
383
2469
454
2440
2379
2498
445
2445
465
495
2373
2477
2541
460
2542
431
510
363
2453
789
788
809
825
836
856
873
894
913
936
959
985
1013
1045
1080
1121
1169
1227
1377
1701
1692
1362
1199
1100
1028
972
925
885
837
782
734
694
664
634
605
568
567
538
444
437
469
478
454
386
2394
2347
467
450
407
2403
2462
392
445
383
452
2441
443
2381
2472
508
2532
383
2484
2513
494
2470
450
811
820
827
841
847
865
882
898
917
938
962
986
1015
1046
1081
1121
1169
1227
1377
1701
1692
1362
1199
1100
1028
971
924
884
836
780
731
694
648
628
603
577
567
521
477
467
456
2484
2461
476
411
422
476
2444
383
2469
454
2440
2379
2498
445
2445
465
495
2373
2477
2541
460
2542
431
510
363
2453
789
788
809
825
836
856
873
894
913
936
959
985
1013
1045
1080
1121
1169
1227
1377
1701
1692
1362
1199
1100
1028
972
925
885
837
782
734
694
664
634
605
568
567
538
444
437
469
478
454
386
2394
2347
467
450
407
2403
2462
392
445
383
452
2441
443
2381
2472
508
2532
383
2484
2513
494
2470
450
811
820
827
841
847
865
882
898
917
938
962
986
1015
1046
1081
1121
1169
1227
1377
1701
1692
1362
1199
1100
1028
971
924
884
836
780
731
694
648
628
603
577
567
521
477
467
456
2484
2461
476
411
422
476
2444
383
2469
454
2440
2379
2498
445
2445
465
495
2373
2477
2541
460
2542
431
510
363
2453
789
788
809
825
836
856
873
894
913
936
959
985
1013
1045
1080
1121
1169
1227
1377
1701
1692
1362
1199
1100
1028
972
925
885
837
782
734
694
664
634
605
568
567
538
444
437
469
478
454
386
2394
2347
467
450
407
2403
2462
392
445
383
452
2441
443
2381
2472
508
2532
383
2484
2513
494
2470
450
811
820
827
841
847
865
882
898
917
938
962
986
1015
1046
1081
1121
1169
1227
1377
1701
1692
1362
1199
1100
1028
971
924
884
836
780
731
694
648
628
603
577
567
521
477
467
456
2484
2461
476
411
422
476
2444
383
2469
454
2440
2379
2498
445
2445
465
495
2373
2477
2541
460
2542
431
510
363
2453
789
788
809
825
836
856
873
894
913
936
959
985
1013
1045
1080
1121
1169
1227
1377
1701
1692
1362
1199
1100
1028
972
925
885
837
782
734
694
664
634
605
568
567
538
444
437
469
478
454
386
2394
2347
467
450
407
2403
2462
392
445
383
452
2441
443
2381
2472
508
2532
383
2484
2513
494
2470
450
811
820
827
841
847
865
882
898
917
938
962
986
1015
1046
1081
1121
1169
1227
1377
1701
1692
1362
1199
1100
1028
971
924
884
836
780
731
694
648
628
603
577
567
521
477
467
456
2484
2461
476
411
422
476
2444
383
2469
454
2440
2379
2498
445
2445
465
495
2373
2477
2541
460
2542
431
510
363
2453
1335
1336
1336
1338
1339
1342
1344
1347
1349
1354
1358
1364
1368
1377
1383
1395
1406
1425
1471
1697
1688
1444
1372
1326
1287
1249
1201
1074
3224
3244
3248
3246
3243
3239
3235
3231
3227
3220
3213
3205
3199
3192
3187
3181
3176
3171
3166
3160
3153
3146
3139
3134
3129
3124
3120
3116
3111
3165
3158
3155
3151
3149
3146
3145
3110
3158
3102
