2523
2483
2516
520
2555
462
2528
2595
345
2588
2575
462
2583
398
2462
2642
2531
482
2580
445
2572
2573
2618
2613
2625
2652
2672
2672
2695
2730
2766
2806
2859
2919
2998
3113
3333
3810
3134
2918
2806
2723
2665
2615
2584
2572
2551
2474
378
451
484
2386
379
440
439
492
2458
476
469
2540
490
515
460
2233
514
2517
451
2523
2483
2516
520
2555
462
2528
2595
345
2588
2575
462
2583
398
2462
2642
2531
482
2580
445
2572
2573
2618
2613
2625
2652
2672
2672
2695
2730
2766
2806
2859
2919
2998
3113
3333
3810
3134
2918
2806
2723
2665
2615
2584
2572
2551
2474
378
451
484
2386
379
440
439
492
2458
476
469
2540
490
515
460
2233
514
2517
451
2523
2483
2516
520
2555
462
2528
2595
345
2588
2575
462
2583
398
2462
2642
2531
482
2580
445
2572
2573
2618
2613
2625
2652
2672
2672
2695
2730
2766
2806
2859
2919
2998
3113
3333
3810
3134
2918
2806
2723
2665
2615
2584
2572
2551
2474
378
451
484
2386
379
440
439
492
2458
476
469
2540
490
515
460
2233
514
2517
451
2523
2483
2516
520
2555
462
2528
2595
345
2588
2575
462
2583
398
2462
2642
2531
482
2580
445
2572
2573
2618
2613
2625
2652
2672
2672
2695
2730
2766
2806
2859
2919
2998
3113
3333
3810
3134
2918
2806
2723
2665
2615
2584
2572
2551
2474
378
451
484
2386
379
440
439
492
2458
476
469
2540
490
515
460
2233
514
2517
451
2523
2483
2516
520
2555
462
2528
2595
345
2588
2575
462
2583
398
2462
2642
2531
482
2580
445
2572
2573
2618
2613
2625
2652
2672
2672
2695
2730
2766
2806
2859
2919
2998
3113
3333
3810
3134
2918
2806
2723
2665
2615
2584
2572
2551
2474
378
451
484
2386
379
440
439
492
2458
476
469
2540
490
515
460
2233
514
2517
451
2523
2483
2516
520
2555
462
2528
2595
345
2588
2575
462
2583
398
2462
2642
2531
482
2580
445
2572
2573
2618
2613
2625
2652
2672
2672
2695
2730
2766
2806
2859
2919
2998
3113
3333
3810
3134
2918
2806
2723
2665
2615
2584
2572
2551
2474
378
451
484
2386
379
440
439
492
2458
476
469
2540
490
515
460
2233
514
2517
451
2523
2483
2516
520
2555
462
2528
2595
345
2588
2575
462
2583
398
2462
2642
2531
482
2580
445
2572
2573
2618
2613
2625
2652
2672
2672
2695
2730
2766
2806
2859
2919
2998
3113
3333
3810
3134
2918
2806
2723
2665
2615
2584
2572
2551
2474
378
451
484
2386
379
440
439
492
2458
476
469
2540
490
515
460
2233
514
2517
451
2523
2483
2516
520
2555
462
2528
2595
345
2588
2575
462
2583
398
2462
2642
2531
482
2580
445
2572
2573
2618
2613
2625
2652
2672
2672
2695
2730
2766
2806
2859
2919
2998
3113
3333
3810
3134
2918
2806
2723
2665
2615
2584
2572
2551
2474
378
451
484
2386
379
440
439
492
2458
476
469
2540
490
515
460
2233
514
2517
451
2523
2483
2516
520
2555
462
2528
2595
345
2588
2575
462
2583
398
2462
2642
2531
482
2580
445
2572
2573
2618
2613
2625
2652
2672
2672
2695
2730
2766
2806
2859
2919
2998
3113
3333
3810
3134
2918
2806
2723
2665
2615
2584
2572
2551
2474
378
451
484
2386
379
440
439
492
2458
476
469
2540
490
515
460
2233
514
2517
451
2523
2483
2516
520
2555
462
2528
2595
345
2588
2575
462
2583
398
2462
2642
2531
482
2580
445
2572
2573
2618
2613
2625
2652
2672
2672
2695
2730
2766
2806
2859
2919
2998
3113
3333
3810
3134
2918
2806
2723
2665
2615
2584
2572
2551
2474
378
451
484
2386
379
440
439
492
2458
476
469
2540
490
515
460
2233
514
2517
451
2523
2483
2516
520
2555
462
2528
2595
345
2588
2575
462
2583
398
2462
2642
2531
482
2580
445
2572
2573
2618
2613
2625
2652
2672
2672
2695
2730
2766
2806
2859
2919
2998
3113
3333
3810
3134
2918
2806
2723
2665
2615
2584
2572
2551
2474
378
451
484
2386
379
440
439
492
2458
476
469
2540
490
515
460
2233
514
2517
451
2523
2483
2516
520
2555
462
2528
2595
345
2588
2575
462
2583
398
2462
2642
2531
482
2580
445
2572
2573
2618
2613
2625
2652
2672
2672
2695
2730
2766
2806
2859
2919
2998
3113
3333
3810
3134
2918
2806
2723
2665
2615
2584
2572
2551
2474
378
451
484
2386
379
440
439
492
2458
476
469
2540
490
515
460
2233
514
2517
451
2523
2483
2516
520
2555
462
2528
2595
345
2588
2575
462
2583
398
2462
2642
2531
482
2580
445
2572
2573
2618
2613
2625
2652
2672
2672
2695
2730
2766
2806
2859
2919
2998
3113
3333
3810
3134
2918
2806
2723
2665
2615
2584
2572
2551
2474
378
451
484
2386
379
440
439
492
2458
476
469
2540
490
515
460
2233
514
2517
451
2523
2483
2516
520
2555
462
2528
2595
345
2588
2575
462
2583
398
2462
2642
2531
482
2580
445
2572
2573
2618
2613
2625
2652
2672
2672
2695
2730
2766
2806
2859
2919
2998
3113
3333
3810
3134
2918
2806
2723
2665
2615
2584
2572
2551
2474
378
451
484
2386
379
440
439
492
2458
476
469
2540
490
515
460
2233
514
2517
451
2523
2483
2516
520
2555
462
2528
2595
345
2588
2575
462
2583
398
2462
2642
2531
482
2580
445
2572
2573
2618
2613
2625
2652
2672
2672
2695
2730
2766
2806
2859
2919
2998
3113
3333
3810
3134
2918
2806
2723
2665
2615
2584
2572
2551
2474
378
451
484
2386
379
440
439
492
2458
476
469
2540
490
515
460
2233
514
2517
451
3177
3196
3210
3220
3229
3236
3243
3248
3253
3258
3263
3267
3271
3274
3278
3281
3284
3287
3292
3297
3303
3308
3314
3319
3324
3329
3334
3340
3348
3360
3373
3388
3405
3426
3452
3489
3555
3806
3489
3424
3387
3361
3340
3323
3308
3295
3284
3269
3251
3236
3222
3210
3199
3188
3178
3169
3156
3280
3264
3257
3248
3243
3237
3235
3154
3283
3155
