2886
2907
2927
2943
2960
2978
2996
3014
3034
3057
3080
3105
3133
3165
3200
3241
3288
3346
3497
3820
3812
3482
3318
3219
3148
3091
3044
3004
2956
2900
2853
2812
2777
2748
2720
2695
2670
2642
2620
2532
2570
2506
2506
2414
453
2475
2497
299
2432
370
2489
2385
386
453
398
2470
388
2506
523
2449
2509
2426
2487
322
488
436
425
2886
2906
2927
2943
2960
2978
2996
3014
3035
3056
3080
3105
3133
3165
3200
3241
3288
3346
3497
3820
3812
3482
3318
3219
3148
3091
3044
3004
2957
2900
2853
2813
2777
2746
2723
2695
2669
2640
2622
2556
2577
2492
2506
2502
474
450
382
446
429
350
412
2316
2500
460
2527
464
2465
400
501
2502
2395
2465
473
477
2501
353
461
2886
2907
2927
2943
2960
2978
2996
3014
3034
3057
3080
3105
3133
3165
3200
3241
3288
3346
3497
3820
3812
3482
3318
3219
3148
3091
3044
3004
2956
2900
2853
2812
2777
2748
2720
2695
2670
2642
2620
2532
2570
2506
2506
2414
453
2475
2497
299
2432
370
2489
2385
386
453
398
2470
388
2506
523
2449
2509
2426
2487
322
488
436
425
2886
2906
2927
2943
2960
2978
2996
3014
3035
3056
3080
3105
3133
3165
3200
3241
3288
3346
3497
3820
3812
3482
3318
3219
3148
3091
3044
3004
2957
2900
2853
2813
2777
2746
2723
2695
2669
2640
2622
2556
2577
2492
2506
2502
474
450
382
446
429
350
412
2316
2500
460
2527
464
2465
400
501
2502
2395
2465
473
477
2501
353
461
2886
2907
2927
2943
2960
2978
2996
3014
3034
3057
3080
3105
3133
3165
3200
3241
3288
3346
3497
3820
3812
3482
3318
3219
3148
3091
3044
3004
2956
2900
2853
2812
2777
2748
2720
2695
2670
2642
2620
2532
2570
2506
2506
2414
453
2475
2497
299
2432
370
2489
2385
386
453
398
2470
388
2506
523
2449
2509
2426
2487
322
488
436
425
2886
2906
2927
2943
2960
2978
2996
3014
3035
3056
3080
3105
3133
3165
3200
3241
3288
3346
3497
3820
3812
3482
3318
3219
3148
3091
3044
3004
2957
2900
2853
2813
2777
2746
2723
2695
2669
2640
2622
2556
2577
2492
2506
2502
474
450
382
446
429
350
412
2316
2500
460
2527
464
2465
400
501
2502
2395
2465
473
477
2501
353
461
2886
2907
2927
2943
2960
2978
2996
3014
3034
3057
3080
3105
3133
3165
3200
3241
3288
3346
3497
3820
3812
3482
3318
3219
3148
3091
3044
3004
2956
2900
2853
2812
2777
2748
2720
2695
2670
2642
2620
2532
2570
2506
2506
2414
453
2475
2497
299
2432
370
2489
2385
386
453
398
2470
388
2506
523
2449
2509
2426
2487
322
488
436
425
2886
2906
2927
2943
2960
2978
2996
3014
3035
3056
3080
3105
3133
3165
3200
3241
3288
3346
3497
3820
3812
3482
3318
3219
3148
3091
3044
3004
2957
2900
2853
2813
2777
2746
2723
2695
2669
2640
2622
2556
2577
2492
2506
2502
474
450
382
446
429
350
412
2316
2500
460
2527
464
2465
400
501
2502
2395
2465
473
477
2501
353
461
2886
2907
2927
2943
2960
2978
2996
3014
3034
3057
3080
3105
3133
3165
3200
3241
3288
3346
3497
3820
3812
3482
3318
3219
3148
3091
3044
3004
2956
2900
2853
2812
2777
2748
2720
2695
2670
2642
2620
2532
2570
2506
2506
2414
453
2475
2497
299
2432
370
2489
2385
386
453
398
2470
388
2506
523
2449
2509
2426
2487
322
488
436
425
2886
2906
2927
2943
2960
2978
2996
3014
3035
3056
3080
3105
3133
3165
3200
3241
3288
3346
3497
3820
3812
3482
3318
3219
3148
3091
3044
3004
2957
2900
2853
2813
2777
2746
2723
2695
2669
2640
2622
2556
2577
2492
2506
2502
474
450
382
446
429
350
412
2316
2500
460
2527
464
2465
400
501
2502
2395
2465
473
477
2501
353
461
2886
2907
2927
2943
2960
2978
2996
3014
3034
3057
3080
3105
3133
3165
3200
3241
3288
3346
3497
3820
3812
3482
3318
3219
3148
3091
3044
3004
2956
2900
2853
2812
2777
2748
2720
2695
2670
2642
2620
2532
2570
2506
2506
2414
453
2475
2497
299
2432
370
2489
2385
386
453
398
2470
388
2506
523
2449
2509
2426
2487
322
488
436
425
2886
2906
2927
2943
2960
2978
2996
3014
3035
3056
3080
3105
3133
3165
3200
3241
3288
3346
3497
3820
3812
3482
3318
3219
3148
3091
3044
3004
2957
2900
2853
2813
2777
2746
2723
2695
2669
2640
2622
2556
2577
2492
2506
2502
474
450
382
446
429
350
412
2316
2500
460
2527
464
2465
400
501
2502
2395
2465
473
477
2501
353
461
2886
2907
2927
2943
2960
2978
2996
3014
3034
3057
3080
3105
3133
3165
3200
3241
3288
3346
3497
3820
3812
3482
3318
3219
3148
3091
3044
3004
2956
2900
2853
2812
2777
2748
2720
2695
2670
2642
2620
2532
2570
2506
2506
2414
453
2475
2497
299
2432
370
2489
2385
386
453
398
2470
388
2506
523
2449
2509
2426
2487
322
488
436
425
2886
2906
2927
2943
2960
2978
2996
3014
3035
3056
3080
3105
3133
3165
3200
3241
3288
3346
3497
3820
3812
3482
3318
3219
3148
3091
3044
3004
2957
2900
2853
2813
2777
2746
2723
2695
2669
2640
2622
2556
2577
2492
2506
2502
474
450
382
446
429
350
412
2316
2500
460
2527
464
2465
400
501
2502
2395
2465
473
477
2501
353
461
2886
2907
2927
2943
2960
2978
2996
3014
3034
3057
3080
3105
3133
3165
3200
3241
3288
3346
3497
3820
3812
3482
3318
3219
3148
3091
3044
3004
2956
2900
2853
2812
2777
2748
2720
2695
2670
2642
2620
2532
2570
2506
2506
2414
453
2475
2497
299
2432
370
2489
2385
386
453
398
2470
388
2506
523
2449
2509
2426
2487
322
488
436
425
3320
3340
3354
3366
3376
3386
3395
3404
3412
3421
3430
3440
3450
3462
3474
3488
3504
3526
3580
3817
3808
3572
3514
3480
3456
3437
3421
3407
3390
3370
3353
3338
3325
3314
3303
3293
3284
3272
3257
3244
3232
3221
3211
3201
3192
3184
3176
3166
3152
3140
3129
3118
3108
3099
3090
3082
3069
3174
3162
3157
3150
3146
3141
3139
3068
3171
3067
