2799
2817
2843
2853
2875
2891
2910
2927
2947
2970
2992
3019
3046
3078
3113
3154
3201
3259
3410
3733
3725
3395
3231
3132
3061
3004
2958
2917
2868
2814
2766
2721
2692
2658
2640
2582
2593
2545
2527
2181
2447
469
2487
2491
454
2526
438
398
2425
2484
432
2480
463
2483
238
2387
431
431
416
2521
2437
422
428
2538
472
2534
459
2805
2816
2838
2857
2873
2890
2910
2926
2948
2970
2993
3018
3047
3078
3113
3154
3201
3259
3410
3733
3725
3395
3231
3132
3061
3004
2957
2917
2870
2812
2768
2728
2683
2661
2637
2616
2570
2568
2399
2493
2449
2454
2498
2446
2512
2516
2463
361
2496
2383
115
463
2468
2481
400
469
424
442
455
2566
446
461
2514
2527
0
2517
2476
2799
2817
2843
2853
2875
2891
2910
2927
2947
2970
2992
3019
3046
3078
3113
3154
3201
3259
3410
3733
3725
3395
3231
3132
3061
3004
2958
2917
2868
2814
2766
2721
2692
2658
2640
2582
2593
2545
2527
2181
2447
469
2487
2491
454
2526
438
398
2425
2484
432
2480
463
2483
238
2387
431
431
416
2521
2437
422
428
2538
472
2534
459
2805
2816
2838
2857
2873
2890
2910
2926
2948
2970
2993
3018
3047
3078
3113
3154
3201
3259
3410
3733
3725
3395
3231
3132
3061
3004
2957
2917
2870
2812
2768
2728
2683
2661
2637
2616
2570
2568
2399
2493
2449
2454
2498
2446
2512
2516
2463
361
2496
2383
115
463
2468
2481
400
469
424
442
455
2566
446
461
2514
2527
0
2517
2476
2799
2817
2843
2853
2875
2891
2910
2927
2947
2970
2992
3019
3046
3078
3113
3154
3201
3259
3410
3733
3725
3395
3231
3132
3061
3004
2958
2917
2868
2814
2766
2721
2692
2658
2640
2582
2593
2545
2527
2181
2447
469
2487
2491
454
2526
438
398
2425
2484
432
2480
463
2483
238
2387
431
431
416
2521
2437
422
428
2538
472
2534
459
2805
2816
2838
2857
2873
2890
2910
2926
2948
2970
2993
3018
3047
3078
3113
3154
3201
3259
3410
3733
3725
3395
3231
3132
3061
3004
2957
2917
2870
2812
2768
2728
2683
2661
2637
2616
2570
2568
2399
2493
2449
2454
2498
2446
2512
2516
2463
361
2496
2383
115
463
2468
2481
400
469
424
442
455
2566
446
461
2514
2527
0
2517
2476
2799
2817
2843
2853
2875
2891
2910
2927
2947
2970
2992
3019
3046
3078
3113
3154
3201
3259
3410
3733
3725
3395
3231
3132
3061
3004
2958
2917
2868
2814
2766
2721
2692
2658
2640
2582
2593
2545
2527
2181
2447
469
2487
2491
454
2526
438
398
2425
2484
432
2480
463
2483
238
2387
431
431
416
2521
2437
422
428
2538
472
2534
459
2805
2816
2838
2857
2873
2890
2910
2926
2948
2970
2993
3018
3047
3078
3113
3154
3201
3259
3410
3733
3725
3395
3231
3132
3061
3004
2957
2917
2870
2812
2768
2728
2683
2661
2637
2616
2570
2568
2399
2493
2449
2454
2498
2446
2512
2516
2463
361
2496
2383
115
463
2468
2481
400
469
424
442
455
2566
446
461
2514
2527
0
2517
2476
2799
2817
2843
2853
2875
2891
2910
2927
2947
2970
2992
3019
3046
3078
3113
3154
3201
3259
3410
3733
3725
3395
3231
3132
3061
3004
2958
2917
2868
2814
2766
2721
2692
2658
2640
2582
2593
2545
2527
2181
2447
469
2487
2491
454
2526
438
398
2425
2484
432
2480
463
2483
238
2387
431
431
416
2521
2437
422
428
2538
472
2534
459
2805
2816
2838
2857
2873
2890
2910
2926
2948
2970
2993
3018
3047
3078
3113
3154
3201
3259
3410
3733
3725
3395
3231
3132
3061
3004
2957
2917
2870
2812
2768
2728
2683
2661
2637
2616
2570
2568
2399
2493
2449
2454
2498
2446
2512
2516
2463
361
2496
2383
115
463
2468
2481
400
469
424
442
455
2566
446
461
2514
2527
0
2517
2476
2799
2817
2843
2853
2875
2891
2910
2927
2947
2970
2992
3019
3046
3078
3113
3154
3201
3259
3410
3733
3725
3395
3231
3132
3061
3004
2958
2917
2868
2814
2766
2721
2692
2658
2640
2582
2593
2545
2527
2181
2447
469
2487
2491
454
2526
438
398
2425
2484
432
2480
463
2483
238
2387
431
431
416
2521
2437
422
428
2538
472
2534
459
2805
2816
2838
2857
2873
2890
2910
2926
2948
2970
2993
3018
3047
3078
3113
3154
3201
3259
3410
3733
3725
3395
3231
3132
3061
3004
2957
2917
2870
2812
2768
2728
2683
2661
2637
2616
2570
2568
2399
2493
2449
2454
2498
2446
2512
2516
2463
361
2496
2383
115
463
2468
2481
400
469
424
442
455
2566
446
461
2514
2527
0
2517
2476
2799
2817
2843
2853
2875
2891
2910
2927
2947
2970
2992
3019
3046
3078
3113
3154
3201
3259
3410
3733
3725
3395
3231
3132
3061
3004
2958
2917
2868
2814
2766
2721
2692
2658
2640
2582
2593
2545
2527
2181
2447
469
2487
2491
454
2526
438
398
2425
2484
432
2480
463
2483
238
2387
431
431
416
2521
2437
422
428
2538
472
2534
459
2805
2816
2838
2857
2873
2890
2910
2926
2948
2970
2993
3018
3047
3078
3113
3154
3201
3259
3410
3733
3725
3395
3231
3132
3061
3004
2957
2917
2870
2812
2768
2728
2683
2661
2637
2616
2570
2568
2399
2493
2449
2454
2498
2446
2512
2516
2463
361
2496
2383
115
463
2468
2481
400
469
424
442
455
2566
446
461
2514
2527
0
2517
2476
2799
2817
2843
2853
2875
2891
2910
2927
2947
2970
2992
3019
3046
3078
3113
3154
3201
3259
3410
3733
3725
3395
3231
3132
3061
3004
2958
2917
2868
2814
2766
2721
2692
2658
2640
2582
2593
2545
2527
2181
2447
469
2487
2491
454
2526
438
398
2425
2484
432
2480
463
2483
238
2387
431
431
416
2521
2437
422
428
2538
472
2534
459
3233
3253
3267
3279
3289
3299
3308
3317
3325
3334
3343
3353
3363
3375
3387
3401
3417
3439
3493
3730
3721
3485
3427
3393
3369
3350
3334
3320
3303
3283
3266
3251
3238
3227
3216
3206
3197
3185
3170
3157
3145
3134
3124
3114
3106
3097
3089
3079
3065
3053
3042
3031
3021
3012
3003
2995
2983
3086
3075
3070
3063
3059
3054
3052
2981
3084
2980
