2494
554
493
2468
2522
2513
453
2522
411
2488
2530
459
421
466
535
2504
445
489
458
404
413
480
2545
535
524
2488
492
502
533
2506
2509
2488
324
2538
502
2542
2562
2453
2461
2506
431
437
459
510
551
606
647
792
1601
1601
793
624
546
486
397
2542
437
663
809
907
1204
1727
1150
1032
2534
587
2521
2494
554
493
2468
2522
2513
453
2522
411
2488
2530
459
421
466
535
2504
445
489
458
404
413
480
2545
535
524
2488
492
502
533
2506
2509
2488
324
2538
502
2542
2562
2453
2461
2506
431
437
459
510
551
606
647
792
1601
1601
793
624
546
486
397
2542
437
663
809
907
1204
1727
1150
1032
2534
587
2521
2494
554
493
2468
2522
2513
453
2522
411
2488
2530
459
421
466
535
2504
445
489
458
404
413
480
2545
535
524
2488
492
502
533
2506
2509
2488
324
2538
502
2542
2562
2453
2461
2506
431
437
459
510
551
606
647
792
1601
1601
793
624
546
486
397
2542
437
663
809
907
1204
1727
1150
1032
2534
587
2521
2494
554
493
2468
2522
2513
453
2522
411
2488
2530
459
421
466
535
2504
445
489
458
404
413
480
2545
535
524
2488
492
502
533
2506
2509
2488
324
2538
502
2542
2562
2453
2461
2506
431
437
459
510
551
606
647
792
1601
1601
793
624
546
486
397
2542
437
663
809
907
1204
1727
1150
1032
2534
587
2521
2494
554
493
2468
2522
2513
453
2522
411
2488
2530
459
421
466
535
2504
445
489
458
404
413
480
2545
535
524
2488
492
502
533
2506
2509
2488
324
2538
502
2542
2562
2453
2461
2506
431
437
459
510
551
606
647
792
1601
1601
793
624
546
486
397
2542
437
663
809
907
1204
1727
1150
1032
2534
587
2521
2494
554
493
2468
2522
2513
453
2522
411
2488
2530
459
421
466
535
2504
445
489
458
404
413
480
2545
535
524
2488
492
502
533
2506
2509
2488
324
2538
502
2542
2562
2453
2461
2506
431
437
459
510
551
606
647
792
1601
1601
793
624
546
486
397
2542
437
663
809
907
1204
1727
1150
1032
2534
587
2521
2494
554
493
2468
2522
2513
453
2522
411
2488
2530
459
421
466
535
2504
445
489
458
404
413
480
2545
535
524
2488
492
502
533
2506
2509
2488
324
2538
502
2542
2562
2453
2461
2506
431
437
459
510
551
606
647
792
1601
1601
793
624
546
486
397
2542
437
663
809
907
1204
1727
1150
1032
2534
587
2521
2494
554
493
2468
2522
2513
453
2522
411
2488
2530
459
421
466
535
2504
445
489
458
404
413
480
2545
535
524
2488
492
502
533
2506
2509
2488
324
2538
502
2542
2562
2453
2461
2506
431
437
459
510
551
606
647
792
1601
1601
793
624
546
486
397
2542
437
663
809
907
1204
1727
1150
1032
2534
587
2521
2494
554
493
2468
2522
2513
453
2522
411
2488
2530
459
421
466
535
2504
445
489
458
404
413
480
2545
535
524
2488
492
502
533
2506
2509
2488
324
2538
502
2542
2562
2453
2461
2506
431
437
459
510
551
606
647
792
1601
1601
793
624
546
486
397
2542
437
663
809
907
1204
1727
1150
1032
2534
587
2521
2494
554
493
2468
2522
2513
453
2522
411
2488
2530
459
421
466
535
2504
445
489
458
404
413
480
2545
535
524
2488
492
502
533
2506
2509
2488
324
2538
502
2542
2562
2453
2461
2506
431
437
459
510
551
606
647
792
1601
1601
793
624
546
486
397
2542
437
663
809
907
1204
1727
1150
1032
2534
587
2521
2494
554
493
2468
2522
2513
453
2522
411
2488
2530
459
421
466
535
2504
445
489
458
404
413
480
2545
535
524
2488
492
502
533
2506
2509
2488
324
2538
502
2542
2562
2453
2461
2506
431
437
459
510
551
606
647
792
1601
1601
793
624
546
486
397
2542
437
663
809
907
1204
1727
1150
1032
2534
587
2521
2494
554
493
2468
2522
2513
453
2522
411
2488
2530
459
421
466
535
2504
445
489
458
404
413
480
2545
535
524
2488
492
502
533
2506
2509
2488
324
2538
502
2542
2562
2453
2461
2506
431
437
459
510
551
606
647
792
1601
1601
793
624
546
486
397
2542
437
663
809
907
1204
1727
1150
1032
2534
587
2521
2494
554
493
2468
2522
2513
453
2522
411
2488
2530
459
421
466
535
2504
445
489
458
404
413
480
2545
535
524
2488
492
502
533
2506
2509
2488
324
2538
502
2542
2562
2453
2461
2506
431
437
459
510
551
606
647
792
1601
1601
793
624
546
486
397
2542
437
663
809
907
1204
1727
1150
1032
2534
587
2521
2494
554
493
2468
2522
2513
453
2522
411
2488
2530
459
421
466
535
2504
445
489
458
404
413
480
2545
535
524
2488
492
502
533
2506
2509
2488
324
2538
502
2542
2562
2453
2461
2506
431
437
459
510
551
606
647
792
1601
1601
793
624
546
486
397
2542
437
663
809
907
1204
1727
1150
1032
2534
587
2521
2494
554
493
2468
2522
2513
453
2522
411
2488
2530
459
421
466
535
2504
445
489
458
404
413
480
2545
535
524
2488
492
502
533
2506
2509
2488
324
2538
502
2542
2562
2453
2461
2506
431
437
459
510
551
606
647
792
1601
1601
793
624
546
486
397
2542
437
663
809
907
1204
1727
1150
1032
2534
587
2521
1195
1195
1195
1195
1195
1195
1195
1195
1195
1195
1195
1195
1195
1195
1195
1195
1196
1196
1196
1196
1196
1196
1196
1197
1197
1197
1197
1198
1198
1199
1199
1200
1201
1202
1203
1204
1205
1207
1210
1213
1217
1221
1227
1233
1240
1249
1261
1289
1598
1598
3206
3247
3243
3236
3229
3223
3216
1266
1298
1323
1406
1723
1361
1310
3215
1235
3210
