903
909
919
931
944
960
976
993
1013
1035
1058
1083
1111
1142
1178
1218
1266
1324
1474
1798
1789
1459
1296
1197
1125
1068
1022
981
934
877
830
790
755
725
698
672
653
618
599
544
559
505
504
490
440
446
476
437
458
418
464
484
484
485
480
483
494
2317
491
2392
507
370
498
2416
388
411
472
893
900
912
925
939
956
973
991
1012
1034
1057
1082
1111
1142
1177
1218
1266
1324
1474
1798
1789
1459
1296
1197
1125
1069
1022
982
934
878
831
791
757
725
700
674
656
617
605
548
564
502
505
483
466
458
476
384
456
391
451
437
423
492
500
438
488
503
2425
514
426
2493
482
401
481
2389
460
903
909
919
931
944
960
976
993
1013
1035
1058
1083
1111
1142
1178
1218
1266
1324
1474
1798
1789
1459
1296
1197
1125
1068
1022
981
934
877
830
790
755
725
698
672
653
618
599
544
559
505
504
490
440
446
476
437
458
418
464
484
484
485
480
483
494
2317
491
2392
507
370
498
2416
388
411
472
893
900
912
925
939
956
973
991
1012
1034
1057
1082
1111
1142
1177
1218
1266
1324
1474
1798
1789
1459
1296
1197
1125
1069
1022
982
934
878
831
791
757
725
700
674
656
617
605
548
564
502
505
483
466
458
476
384
456
391
451
437
423
492
500
438
488
503
2425
514
426
2493
482
401
481
2389
460
903
909
919
931
944
960
976
993
1013
1035
1058
1083
1111
1142
1178
1218
1266
1324
1474
1798
1789
1459
1296
1197
1125
1068
1022
981
934
877
830
790
755
725
698
672
653
618
599
544
559
505
504
490
440
446
476
437
458
418
464
484
484
485
480
483
494
2317
491
2392
507
370
498
2416
388
411
472
893
900
912
925
939
956
973
991
1012
1034
1057
1082
1111
1142
1177
1218
1266
1324
1474
1798
1789
1459
1296
1197
1125
1069
1022
982
934
878
831
791
757
725
700
674
656
617
605
548
564
502
505
483
466
458
476
384
456
391
451
437
423
492
500
438
488
503
2425
514
426
2493
482
401
481
2389
460
903
909
919
931
944
960
976
993
1013
1035
1058
1083
1111
1142
1178
1218
1266
1324
1474
1798
1789
1459
1296
1197
1125
1068
1022
981
934
877
830
790
755
725
698
672
653
618
599
544
559
505
504
490
440
446
476
437
458
418
464
484
484
485
480
483
494
2317
491
2392
507
370
498
2416
388
411
472
893
900
912
925
939
956
973
991
1012
1034
1057
1082
1111
1142
1177
1218
1266
1324
1474
1798
1789
1459
1296
1197
1125
1069
1022
982
934
878
831
791
757
725
700
674
656
617
605
548
564
502
505
483
466
458
476
384
456
391
451
437
423
492
500
438
488
503
2425
514
426
2493
482
401
481
2389
460
903
909
919
931
944
960
976
993
1013
1035
1058
1083
1111
1142
1178
1218
1266
1324
1474
1798
1789
1459
1296
1197
1125
1068
1022
981
934
877
830
790
755
725
698
672
653
618
599
544
559
505
504
490
440
446
476
437
458
418
464
484
484
485
480
483
494
2317
491
2392
507
370
498
2416
388
411
472
893
900
912
925
939
956
973
991
1012
1034
1057
1082
1111
1142
1177
1218
1266
1324
1474
1798
1789
1459
1296
1197
1125
1069
1022
982
934
878
831
791
757
725
700
674
656
617
605
548
564
502
505
483
466
458
476
384
456
391
451
437
423
492
500
438
488
503
2425
514
426
2493
482
401
481
2389
460
903
909
919
931
944
960
976
993
1013
1035
1058
1083
1111
1142
1178
1218
1266
1324
1474
1798
1789
1459
1296
1197
1125
1068
1022
981
934
877
830
790
755
725
698
672
653
618
599
544
559
505
504
490
440
446
476
437
458
418
464
484
484
485
480
483
494
2317
491
2392
507
370
498
2416
388
411
472
893
900
912
925
939
956
973
991
1012
1034
1057
1082
1111
1142
1177
1218
1266
1324
1474
1798
1789
1459
1296
1197
1125
1069
1022
982
934
878
831
791
757
725
700
674
656
617
605
548
564
502
505
483
466
458
476
384
456
391
451
437
423
492
500
438
488
503
2425
514
426
2493
482
401
481
2389
460
903
909
919
931
944
960
976
993
1013
1035
1058
1083
1111
1142
1178
1218
1266
1324
1474
1798
1789
1459
1296
1197
1125
1068
1022
981
934
877
830
790
755
725
698
672
653
618
599
544
559
505
504
490
440
446
476
437
458
418
464
484
484
485
480
483
494
2317
491
2392
507
370
498
2416
388
411
472
893
900
912
925
939
956
973
991
1012
1034
1057
1082
1111
1142
1177
1218
1266
1324
1474
1798
1789
1459
1296
1197
1125
1069
1022
982
934
878
831
791
757
725
700
674
656
617
605
548
564
502
505
483
466
458
476
384
456
391
451
437
423
492
500
438
488
503
2425
514
426
2493
482
401
481
2389
460
903
909
919
931
944
960
976
993
1013
1035
1058
1083
1111
1142
1178
1218
1266
1324
1474
1798
1789
1459
1296
1197
1125
1068
1022
981
934
877
830
790
755
725
698
672
653
618
599
544
559
505
504
490
440
446
476
437
458
418
464
484
484
485
480
483
494
2317
491
2392
507
370
498
2416
388
411
472
1411
1412
1413
1415
1417
1419
1422
1425
1429
1434
1439
1445
1451
1460
1469
1481
1494
1512
1562
1794
1786
1545
1482
1446
1419
1397
1378
1362
1341
1316
1296
1277
1261
1246
1232
1220
1208
1192
1172
1155
1138
1124
1110
1097
1084
1073
1062
1047
1027
1009
992
975
959
943
926
910
881
1058
1041
1034
1023
1018
1011
1007
876
1060
895
