505
467
473
443
300
462
2469
456
515
560
571
379
360
510
524
586
510
535
546
504
538
527
572
570
571
594
617
614
641
673
710
750
802
862
941
1057
1276
1753
1077
862
748
667
607
569
510
523
485
522
452
435
501
475
487
416
449
464
457
494
434
423
467
428
542
2498
452
439
411
505
467
473
443
300
462
2469
456
515
560
571
379
360
510
524
586
510
535
546
504
538
527
572
570
571
594
617
614
641
673
710
750
802
862
941
1057
1276
1753
1077
862
748
667
607
569
510
523
485
522
452
435
501
475
487
416
449
464
457
494
434
423
467
428
542
2498
452
439
411
505
467
473
443
300
462
2469
456
515
560
571
379
360
510
524
586
510
535
546
504
538
527
572
570
571
594
617
614
641
673
710
750
802
862
941
1057
1276
1753
1077
862
748
667
607
569
510
523
485
522
452
435
501
475
487
416
449
464
457
494
434
423
467
428
542
2498
452
439
411
505
467
473
443
300
462
2469
456
515
560
571
379
360
510
524
586
510
535
546
504
538
527
572
570
571
594
617
614
641
673
710
750
802
862
941
1057
1276
1753
1077
862
748
667
607
569
510
523
485
522
452
435
501
475
487
416
449
464
457
494
434
423
467
428
542
2498
452
439
411
505
467
473
443
300
462
2469
456
515
560
571
379
360
510
524
586
510
535
546
504
538
527
572
570
571
594
617
614
641
673
710
750
802
862
941
1057
1276
1753
1077
862
748
667
607
569
510
523
485
522
452
435
501
475
487
416
449
464
457
494
434
423
467
428
542
2498
452
439
411
505
467
473
443
300
462
2469
456
515
560
571
379
360
510
524
586
510
535
546
504
538
527
572
570
571
594
617
614
641
673
710
750
802
862
941
1057
1276
1753
1077
862
748
667
607
569
510
523
485
522
452
435
501
475
487
416
449
464
457
494
434
423
467
428
542
2498
452
439
411
505
467
473
443
300
462
2469
456
515
560
571
379
360
510
524
586
510
535
546
504
538
527
572
570
571
594
617
614
641
673
710
750
802
862
941
1057
1276
1753
1077
862
748
667
607
569
510
523
485
522
452
435
501
475
487
416
449
464
457
494
434
423
467
428
542
2498
452
439
411
505
467
473
443
300
462
2469
456
515
560
571
379
360
510
524
586
510
535
546
504
538
527
572
570
571
594
617
614
641
673
710
750
802
862
941
1057
1276
1753
1077
862
748
667
607
569
510
523
485
522
452
435
501
475
487
416
449
464
457
494
434
423
467
428
542
2498
452
439
411
505
467
473
443
300
462
2469
456
515
560
571
379
360
510
524
586
510
535
546
504
538
527
572
570
571
594
617
614
641
673
710
750
802
862
941
1057
1276
1753
1077
862
748
667
607
569
510
523
485
522
452
435
501
475
487
416
449
464
457
494
434
423
467
428
542
2498
452
439
411
505
467
473
443
300
462
2469
456
515
560
571
379
360
510
524
586
510
535
546
504
538
527
572
570
571
594
617
614
641
673
710
750
802
862
941
1057
1276
1753
1077
862
748
667
607
569
510
523
485
522
452
435
501
475
487
416
449
464
457
494
434
423
467
428
542
2498
452
439
411
505
467
473
443
300
462
2469
456
515
560
571
379
360
510
524
586
510
535
546
504
538
527
572
570
571
594
617
614
641
673
710
750
802
862
941
1057
1276
1753
1077
862
748
667
607
569
510
523
485
522
452
435
501
475
487
416
449
464
457
494
434
423
467
428
542
2498
452
439
411
505
467
473
443
300
462
2469
456
515
560
571
379
360
510
524
586
510
535
546
504
538
527
572
570
571
594
617
614
641
673
710
750
802
862
941
1057
1276
1753
1077
862
748
667
607
569
510
523
485
522
452
435
501
475
487
416
449
464
457
494
434
423
467
428
542
2498
452
439
411
505
467
473
443
300
462
2469
456
515
560
571
379
360
510
524
586
510
535
546
504
538
527
572
570
571
594
617
614
641
673
710
750
802
862
941
1057
1276
1753
1077
862
748
667
607
569
510
523
485
522
452
435
501
475
487
416
449
464
457
494
434
423
467
428
542
2498
452
439
411
505
467
473
443
300
462
2469
456
515
560
571
379
360
510
524
586
510
535
546
504
538
527
572
570
571
594
617
614
641
673
710
750
802
862
941
1057
1276
1753
1077
862
748
667
607
569
510
523
485
522
452
435
501
475
487
416
449
464
457
494
434
423
467
428
542
2498
452
439
411
505
467
473
443
300
462
2469
456
515
560
571
379
360
510
524
586
510
535
546
504
538
527
572
570
571
594
617
614
641
673
710
750
802
862
941
1057
1276
1753
1077
862
748
667
607
569
510
523
485
522
452
435
501
475
487
416
449
464
457
494
434
423
467
428
542
2498
452
439
411
1296
1296
1296
1296
1296
1296
1296
1297
1297
1297
1298
1298
1298
1299
1299
1300
1300
1301
1302
1303
1305
1306
1308
1310
1312
1315
1317
1320
1325
1332
1341
1352
1365
1382
1405
1439
1501
1750
1426
1355
1313
1281
1255
1232
1212
1193
1175
1150
1115
1074
1005
3049
3086
3098
3104
3107
3109
1168
1140
1127
1107
1095
1079
1070
3109
1180
3094
