450
469
366
454
535
431
494
363
2474
2522
527
540
493
492
565
434
496
459
445
2494
2557
2490
504
2558
2565
484
528
517
437
395
512
2537
487
417
2528
492
514
426
525
466
517
547
569
603
632
681
736
880
1689
1689
881
716
620
569
508
524
433
755
896
995
1292
1815
1237
1120
448
662
502
450
469
366
454
535
431
494
363
2474
2522
527
540
493
492
565
434
496
459
445
2494
2557
2490
504
2558
2565
484
528
517
437
395
512
2537
487
417
2528
492
514
426
525
466
517
547
569
603
632
681
736
880
1689
1689
881
716
620
569
508
524
433
755
896
995
1292
1815
1237
1120
448
662
502
450
469
366
454
535
431
494
363
2474
2522
527
540
493
492
565
434
496
459
445
2494
2557
2490
504
2558
2565
484
528
517
437
395
512
2537
487
417
2528
492
514
426
525
466
517
547
569
603
632
681
736
880
1689
1689
881
716
620
569
508
524
433
755
896
995
1292
1815
1237
1120
448
662
502
450
469
366
454
535
431
494
363
2474
2522
527
540
493
492
565
434
496
459
445
2494
2557
2490
504
2558
2565
484
528
517
437
395
512
2537
487
417
2528
492
514
426
525
466
517
547
569
603
632
681
736
880
1689
1689
881
716
620
569
508
524
433
755
896
995
1292
1815
1237
1120
448
662
502
450
469
366
454
535
431
494
363
2474
2522
527
540
493
492
565
434
496
459
445
2494
2557
2490
504
2558
2565
484
528
517
437
395
512
2537
487
417
2528
492
514
426
525
466
517
547
569
603
632
681
736
880
1689
1689
881
716
620
569
508
524
433
755
896
995
1292
1815
1237
1120
448
662
502
450
469
366
454
535
431
494
363
2474
2522
527
540
493
492
565
434
496
459
445
2494
2557
2490
504
2558
2565
484
528
517
437
395
512
2537
487
417
2528
492
514
426
525
466
517
547
569
603
632
681
736
880
1689
1689
881
716
620
569
508
524
433
755
896
995
1292
1815
1237
1120
448
662
502
450
469
366
454
535
431
494
363
2474
2522
527
540
493
492
565
434
496
459
445
2494
2557
2490
504
2558
2565
484
528
517
437
395
512
2537
487
417
2528
492
514
426
525
466
517
547
569
603
632
681
736
880
1689
1689
881
716
620
569
508
524
433
755
896
995
1292
1815
1237
1120
448
662
502
450
469
366
454
535
431
494
363
2474
2522
527
540
493
492
565
434
496
459
445
2494
2557
2490
504
2558
2565
484
528
517
437
395
512
2537
487
417
2528
492
514
426
525
466
517
547
569
603
632
681
736
880
1689
1689
881
716
620
569
508
524
433
755
896
995
1292
1815
1237
1120
448
662
502
450
469
366
454
535
431
494
363
2474
2522
527
540
493
492
565
434
496
459
445
2494
2557
2490
504
2558
2565
484
528
517
437
395
512
2537
487
417
2528
492
514
426
525
466
517
547
569
603
632
681
736
880
1689
1689
881
716
620
569
508
524
433
755
896
995
1292
1815
1237
1120
448
662
502
450
469
366
454
535
431
494
363
2474
2522
527
540
493
492
565
434
496
459
445
2494
2557
2490
504
2558
2565
484
528
517
437
395
512
2537
487
417
2528
492
514
426
525
466
517
547
569
603
632
681
736
880
1689
1689
881
716
620
569
508
524
433
755
896
995
1292
1815
1237
1120
448
662
502
450
469
366
454
535
431
494
363
2474
2522
527
540
493
492
565
434
496
459
445
2494
2557
2490
504
2558
2565
484
528
517
437
395
512
2537
487
417
2528
492
514
426
525
466
517
547
569
603
632
681
736
880
1689
1689
881
716
620
569
508
524
433
755
896
995
1292
1815
1237
1120
448
662
502
450
469
366
454
535
431
494
363
2474
2522
527
540
493
492
565
434
496
459
445
2494
2557
2490
504
2558
2565
484
528
517
437
395
512
2537
487
417
2528
492
514
426
525
466
517
547
569
603
632
681
736
880
1689
1689
881
716
620
569
508
524
433
755
896
995
1292
1815
1237
1120
448
662
502
450
469
366
454
535
431
494
363
2474
2522
527
540
493
492
565
434
496
459
445
2494
2557
2490
504
2558
2565
484
528
517
437
395
512
2537
487
417
2528
492
514
426
525
466
517
547
569
603
632
681
736
880
1689
1689
881
716
620
569
508
524
433
755
896
995
1292
1815
1237
1120
448
662
502
450
469
366
454
535
431
494
363
2474
2522
527
540
493
492
565
434
496
459
445
2494
2557
2490
504
2558
2565
484
528
517
437
395
512
2537
487
417
2528
492
514
426
525
466
517
547
569
603
632
681
736
880
1689
1689
881
716
620
569
508
524
433
755
896
995
1292
1815
1237
1120
448
662
502
450
469
366
454
535
431
494
363
2474
2522
527
540
493
492
565
434
496
459
445
2494
2557
2490
504
2558
2565
484
528
517
437
395
512
2537
487
417
2528
492
514
426
525
466
517
547
569
603
632
681
736
880
1689
1689
881
716
620
569
508
524
433
755
896
995
1292
1815
1237
1120
448
662
502
1215
1215
1215
1215
1215
1216
1216
1216
1216
1216
1216
1216
1216
1216
1216
1216
1216
1216
1216
1217
1217
1217
1217
1218
1218
1218
1219
1219
1220
1221
1222
1223
1224
1225
1227
1228
1230
1233
1237
1242
1247
1254
1261
1270
1281
1294
1310
1348
1686
1686
1333
1277
1239
1210
1185
1164
1135
1316
1358
1390
1485
1811
1464
1424
1130
1279
1148
