2545
2557
518
480
2574
2577
2455
2524
479
453
2597
2573
490
484
2514
2484
2526
486
433
492
474
512
478
2524
501
2468
2540
519
2539
2503
528
522
476
2505
2542
404
2315
449
2569
402
467
2592
2608
2661
2688
2739
2792
2937
3746
3746
2938
2773
2678
2622
2497
433
2482
2812
2952
3052
3349
3872
3294
3177
484
2721
415
2545
2557
518
480
2574
2577
2455
2524
479
453
2597
2573
490
484
2514
2484
2526
486
433
492
474
512
478
2524
501
2468
2540
519
2539
2503
528
522
476
2505
2542
404
2315
449
2569
402
467
2592
2608
2661
2688
2739
2792
2937
3746
3746
2938
2773
2678
2622
2497
433
2482
2812
2952
3052
3349
3872
3294
3177
484
2721
415
2545
2557
518
480
2574
2577
2455
2524
479
453
2597
2573
490
484
2514
2484
2526
486
433
492
474
512
478
2524
501
2468
2540
519
2539
2503
528
522
476
2505
2542
404
2315
449
2569
402
467
2592
2608
2661
2688
2739
2792
2937
3746
3746
2938
2773
2678
2622
2497
433
2482
2812
2952
3052
3349
3872
3294
3177
484
2721
415
2545
2557
518
480
2574
2577
2455
2524
479
453
2597
2573
490
484
2514
2484
2526
486
433
492
474
512
478
2524
501
2468
2540
519
2539
2503
528
522
476
2505
2542
404
2315
449
2569
402
467
2592
2608
2661
2688
2739
2792
2937
3746
3746
2938
2773
2678
2622
2497
433
2482
2812
2952
3052
3349
3872
3294
3177
484
2721
415
2545
2557
518
480
2574
2577
2455
2524
479
453
2597
2573
490
484
2514
2484
2526
486
433
492
474
512
478
2524
501
2468
2540
519
2539
2503
528
522
476
2505
2542
404
2315
449
2569
402
467
2592
2608
2661
2688
2739
2792
2937
3746
3746
2938
2773
2678
2622
2497
433
2482
2812
2952
3052
3349
3872
3294
3177
484
2721
415
2545
2557
518
480
2574
2577
2455
2524
479
453
2597
2573
490
484
2514
2484
2526
486
433
492
474
512
478
2524
501
2468
2540
519
2539
2503
528
522
476
2505
2542
404
2315
449
2569
402
467
2592
2608
2661
2688
2739
2792
2937
3746
3746
2938
2773
2678
2622
2497
433
2482
2812
2952
3052
3349
3872
3294
3177
484
2721
415
2545
2557
518
480
2574
2577
2455
2524
479
453
2597
2573
490
484
2514
2484
2526
486
433
492
474
512
478
2524
501
2468
2540
519
2539
2503
528
522
476
2505
2542
404
2315
449
2569
402
467
2592
2608
2661
2688
2739
2792
2937
3746
3746
2938
2773
2678
2622
2497
433
2482
2812
2952
3052
3349
3872
3294
3177
484
2721
415
2545
2557
518
480
2574
2577
2455
2524
479
453
2597
2573
490
484
2514
2484
2526
486
433
492
474
512
478
2524
501
2468
2540
519
2539
2503
528
522
476
2505
2542
404
2315
449
2569
402
467
2592
2608
2661
2688
2739
2792
2937
3746
3746
2938
2773
2678
2622
2497
433
2482
2812
2952
3052
3349
3872
3294
3177
484
2721
415
2545
2557
518
480
2574
2577
2455
2524
479
453
2597
2573
490
484
2514
2484
2526
486
433
492
474
512
478
2524
501
2468
2540
519
2539
2503
528
522
476
2505
2542
404
2315
449
2569
402
467
2592
2608
2661
2688
2739
2792
2937
3746
3746
2938
2773
2678
2622
2497
433
2482
2812
2952
3052
3349
3872
3294
3177
484
2721
415
2545
2557
518
480
2574
2577
2455
2524
479
453
2597
2573
490
484
2514
2484
2526
486
433
492
474
512
478
2524
501
2468
2540
519
2539
2503
528
522
476
2505
2542
404
2315
449
2569
402
467
2592
2608
2661
2688
2739
2792
2937
3746
3746
2938
2773
2678
2622
2497
433
2482
2812
2952
3052
3349
3872
3294
3177
484
2721
415
2545
2557
518
480
2574
2577
2455
2524
479
453
2597
2573
490
484
2514
2484
2526
486
433
492
474
512
478
2524
501
2468
2540
519
2539
2503
528
522
476
2505
2542
404
2315
449
2569
402
467
2592
2608
2661
2688
2739
2792
2937
3746
3746
2938
2773
2678
2622
2497
433
2482
2812
2952
3052
3349
3872
3294
3177
484
2721
415
2545
2557
518
480
2574
2577
2455
2524
479
453
2597
2573
490
484
2514
2484
2526
486
433
492
474
512
478
2524
501
2468
2540
519
2539
2503
528
522
476
2505
2542
404
2315
449
2569
402
467
2592
2608
2661
2688
2739
2792
2937
3746
3746
2938
2773
2678
2622
2497
433
2482
2812
2952
3052
3349
3872
3294
3177
484
2721
415
2545
2557
518
480
2574
2577
2455
2524
479
453
2597
2573
490
484
2514
2484
2526
486
433
492
474
512
478
2524
501
2468
2540
519
2539
2503
528
522
476
2505
2542
404
2315
449
2569
402
467
2592
2608
2661
2688
2739
2792
2937
3746
3746
2938
2773
2678
2622
2497
433
2482
2812
2952
3052
3349
3872
3294
3177
484
2721
415
2545
2557
518
480
2574
2577
2455
2524
479
453
2597
2573
490
484
2514
2484
2526
486
433
492
474
512
478
2524
501
2468
2540
519
2539
2503
528
522
476
2505
2542
404
2315
449
2569
402
467
2592
2608
2661
2688
2739
2792
2937
3746
3746
2938
2773
2678
2622
2497
433
2482
2812
2952
3052
3349
3872
3294
3177
484
2721
415
2545
2557
518
480
2574
2577
2455
2524
479
453
2597
2573
490
484
2514
2484
2526
486
433
492
474
512
478
2524
501
2468
2540
519
2539
2503
528
522
476
2505
2542
404
2315
449
2569
402
467
2592
2608
2661
2688
2739
2792
2937
3746
3746
2938
2773
2678
2622
2497
433
2482
2812
2952
3052
3349
3872
3294
3177
484
2721
415
3056
3075
3088
3098
3107
3114
3120
3126
3131
3135
3139
3143
3146
3150
3153
3156
3158
3161
3165
3169
3173
3177
3181
3184
3188
3191
3194
3197
3201
3206
3211
3216
3220
3225
3229
3234
3238
3245
3253
3262
3272
3282
3293
3306
3319
3335
3354
3397
3743
3743
3397
3346
3314
3289
3270
3253
3233
3362
3409
3442
3541
3868
3522
3483
3230
3321
3238
