2560
2590
533
2509
413
2349
490
384
491
488
556
578
523
2509
540
444
2492
2532
486
370
494
2516
2532
537
383
495
530
522
478
2467
523
2493
465
2460
2493
2534
2508
479
485
490
526
540
587
607
643
693
745
890
1698
1698
890
725
630
577
514
512
455
766
904
1004
1301
1824
1247
1129
491
672
462
2560
2590
533
2509
413
2349
490
384
491
488
556
578
523
2509
540
444
2492
2532
486
370
494
2516
2532
537
383
495
530
522
478
2467
523
2493
465
2460
2493
2534
2508
479
485
490
526
540
587
607
643
693
745
890
1698
1698
890
725
630
577
514
512
455
766
904
1004
1301
1824
1247
1129
491
672
462
2560
2590
533
2509
413
2349
490
384
491
488
556
578
523
2509
540
444
2492
2532
486
370
494
2516
2532
537
383
495
530
522
478
2467
523
2493
465
2460
2493
2534
2508
479
485
490
526
540
587
607
643
693
745
890
1698
1698
890
725
630
577
514
512
455
766
904
1004
1301
1824
1247
1129
491
672
462
2560
2590
533
2509
413
2349
490
384
491
488
556
578
523
2509
540
444
2492
2532
486
370
494
2516
2532
537
383
495
530
522
478
2467
523
2493
465
2460
2493
2534
2508
479
485
490
526
540
587
607
643
693
745
890
1698
1698
890
725
630
577
514
512
455
766
904
1004
1301
1824
1247
1129
491
672
462
2560
2590
533
2509
413
2349
490
384
491
488
556
578
523
2509
540
444
2492
2532
486
370
494
2516
2532
537
383
495
530
522
478
2467
523
2493
465
2460
2493
2534
2508
479
485
490
526
540
587
607
643
693
745
890
1698
1698
890
725
630
577
514
512
455
766
904
1004
1301
1824
1247
1129
491
672
462
2560
2590
533
2509
413
2349
490
384
491
488
556
578
523
2509
540
444
2492
2532
486
370
494
2516
2532
537
383
495
530
522
478
2467
523
2493
465
2460
2493
2534
2508
479
485
490
526
540
587
607
643
693
745
890
1698
1698
890
725
630
577
514
512
455
766
904
1004
1301
1824
1247
1129
491
672
462
2560
2590
533
2509
413
2349
490
384
491
488
556
578
523
2509
540
444
2492
2532
486
370
494
2516
2532
537
383
495
530
522
478
2467
523
2493
465
2460
2493
2534
2508
479
485
490
526
540
587
607
643
693
745
890
1698
1698
890
725
630
577
514
512
455
766
904
1004
1301
1824
1247
1129
491
672
462
2560
2590
533
2509
413
2349
490
384
491
488
556
578
523
2509
540
444
2492
2532
486
370
494
2516
2532
537
383
495
530
522
478
2467
523
2493
465
2460
2493
2534
2508
479
485
490
526
540
587
607
643
693
745
890
1698
1698
890
725
630
577
514
512
455
766
904
1004
1301
1824
1247
1129
491
672
462
2560
2590
533
2509
413
2349
490
384
491
488
556
578
523
2509
540
444
2492
2532
486
370
494
2516
2532
537
383
495
530
522
478
2467
523
2493
465
2460
2493
2534
2508
479
485
490
526
540
587
607
643
693
745
890
1698
1698
890
725
630
577
514
512
455
766
904
1004
1301
1824
1247
1129
491
672
462
2560
2590
533
2509
413
2349
490
384
491
488
556
578
523
2509
540
444
2492
2532
486
370
494
2516
2532
537
383
495
530
522
478
2467
523
2493
465
2460
2493
2534
2508
479
485
490
526
540
587
607
643
693
745
890
1698
1698
890
725
630
577
514
512
455
766
904
1004
1301
1824
1247
1129
491
672
462
2560
2590
533
2509
413
2349
490
384
491
488
556
578
523
2509
540
444
2492
2532
486
370
494
2516
2532
537
383
495
530
522
478
2467
523
2493
465
2460
2493
2534
2508
479
485
490
526
540
587
607
643
693
745
890
1698
1698
890
725
630
577
514
512
455
766
904
1004
1301
1824
1247
1129
491
672
462
2560
2590
533
2509
413
2349
490
384
491
488
556
578
523
2509
540
444
2492
2532
486
370
494
2516
2532
537
383
495
530
522
478
2467
523
2493
465
2460
2493
2534
2508
479
485
490
526
540
587
607
643
693
745
890
1698
1698
890
725
630
577
514
512
455
766
904
1004
1301
1824
1247
1129
491
672
462
2560
2590
533
2509
413
2349
490
384
491
488
556
578
523
2509
540
444
2492
2532
486
370
494
2516
2532
537
383
495
530
522
478
2467
523
2493
465
2460
2493
2534
2508
479
485
490
526
540
587
607
643
693
745
890
1698
1698
890
725
630
577
514
512
455
766
904
1004
1301
1824
1247
1129
491
672
462
2560
2590
533
2509
413
2349
490
384
491
488
556
578
523
2509
540
444
2492
2532
486
370
494
2516
2532
537
383
495
530
522
478
2467
523
2493
465
2460
2493
2534
2508
479
485
490
526
540
587
607
643
693
745
890
1698
1698
890
725
630
577
514
512
455
766
904
1004
1301
1824
1247
1129
491
672
462
2560
2590
533
2509
413
2349
490
384
491
488
556
578
523
2509
540
444
2492
2532
486
370
494
2516
2532
537
383
495
530
522
478
2467
523
2493
465
2460
2493
2534
2508
479
485
490
526
540
587
607
643
693
745
890
1698
1698
890
725
630
577
514
512
455
766
904
1004
1301
1824
1247
1129
491
672
462
1210
1210
1210
1210
1210
1210
1210
1210
1210
1210
1210
1210
1210
1210
1210
1211
1211
1211
1211
1211
1211
1212
1212
1212
1213
1213
1214
1214
1215
1216
1217
1218
1220
1221
1223
1224
1226
1229
1234
1240
1246
1253
1261
1271
1282
1296
1313
1353
1695
1695
1346
1294
1260
1235
1216
1200
1181
1320
1364
1396
1494
1820
1474
1434
1178
1282
1185
