2509
501
496
526
2498
492
334
529
491
559
574
491
506
488
534
563
500
560
543
541
557
541
572
570
584
609
620
629
650
682
718
759
811
871
950
1066
1285
1762
1086
871
758
677
618
574
516
537
441
534
491
451
471
473
427
460
501
474
477
406
458
443
2423
515
544
2400
481
455
463
2509
501
496
526
2498
492
334
529
491
559
574
491
506
488
534
563
500
560
543
541
557
541
572
570
584
609
620
629
650
682
718
759
811
871
950
1066
1285
1762
1086
871
758
677
618
574
516
537
441
534
491
451
471
473
427
460
501
474
477
406
458
443
2423
515
544
2400
481
455
463
2509
501
496
526
2498
492
334
529
491
559
574
491
506
488
534
563
500
560
543
541
557
541
572
570
584
609
620
629
650
682
718
759
811
871
950
1066
1285
1762
1086
871
758
677
618
574
516
537
441
534
491
451
471
473
427
460
501
474
477
406
458
443
2423
515
544
2400
481
455
463
2509
501
496
526
2498
492
334
529
491
559
574
491
506
488
534
563
500
560
543
541
557
541
572
570
584
609
620
629
650
682
718
759
811
871
950
1066
1285
1762
1086
871
758
677
618
574
516
537
441
534
491
451
471
473
427
460
501
474
477
406
458
443
2423
515
544
2400
481
455
463
2509
501
496
526
2498
492
334
529
491
559
574
491
506
488
534
563
500
560
543
541
557
541
572
570
584
609
620
629
650
682
718
759
811
871
950
1066
1285
1762
1086
871
758
677
618
574
516
537
441
534
491
451
471
473
427
460
501
474
477
406
458
443
2423
515
544
2400
481
455
463
2509
501
496
526
2498
492
334
529
491
559
574
491
506
488
534
563
500
560
543
541
557
541
572
570
584
609
620
629
650
682
718
759
811
871
950
1066
1285
1762
1086
871
758
677
618
574
516
537
441
534
491
451
471
473
427
460
501
474
477
406
458
443
2423
515
544
2400
481
455
463
2509
501
496
526
2498
492
334
529
491
559
574
491
506
488
534
563
500
560
543
541
557
541
572
570
584
609
620
629
650
682
718
759
811
871
950
1066
1285
1762
1086
871
758
677
618
574
516
537
441
534
491
451
471
473
427
460
501
474
477
406
458
443
2423
515
544
2400
481
455
463
2509
501
496
526
2498
492
334
529
491
559
574
491
506
488
534
563
500
560
543
541
557
541
572
570
584
609
620
629
650
682
718
759
811
871
950
1066
1285
1762
1086
871
758
677
618
574
516
537
441
534
491
451
471
473
427
460
501
474
477
406
458
443
2423
515
544
2400
481
455
463
2509
501
496
526
2498
492
334
529
491
559
574
491
506
488
534
563
500
560
543
541
557
541
572
570
584
609
620
629
650
682
718
759
811
871
950
1066
1285
1762
1086
871
758
677
618
574
516
537
441
534
491
451
471
473
427
460
501
474
477
406
458
443
2423
515
544
2400
481
455
463
2509
501
496
526
2498
492
334
529
491
559
574
491
506
488
534
563
500
560
543
541
557
541
572
570
584
609
620
629
650
682
718
759
811
871
950
1066
1285
1762
1086
871
758
677
618
574
516
537
441
534
491
451
471
473
427
460
501
474
477
406
458
443
2423
515
544
2400
481
455
463
2509
501
496
526
2498
492
334
529
491
559
574
491
506
488
534
563
500
560
543
541
557
541
572
570
584
609
620
629
650
682
718
759
811
871
950
1066
1285
1762
1086
871
758
677
618
574
516
537
441
534
491
451
471
473
427
460
501
474
477
406
458
443
2423
515
544
2400
481
455
463
2509
501
496
526
2498
492
334
529
491
559
574
491
506
488
534
563
500
560
543
541
557
541
572
570
584
609
620
629
650
682
718
759
811
871
950
1066
1285
1762
1086
871
758
677
618
574
516
537
441
534
491
451
471
473
427
460
501
474
477
406
458
443
2423
515
544
2400
481
455
463
2509
501
496
526
2498
492
334
529
491
559
574
491
506
488
534
563
500
560
543
541
557
541
572
570
584
609
620
629
650
682
718
759
811
871
950
1066
1285
1762
1086
871
758
677
618
574
516
537
441
534
491
451
471
473
427
460
501
474
477
406
458
443
2423
515
544
2400
481
455
463
2509
501
496
526
2498
492
334
529
491
559
574
491
506
488
534
563
500
560
543
541
557
541
572
570
584
609
620
629
650
682
718
759
811
871
950
1066
1285
1762
1086
871
758
677
618
574
516
537
441
534
491
451
471
473
427
460
501
474
477
406
458
443
2423
515
544
2400
481
455
463
2509
501
496
526
2498
492
334
529
491
559
574
491
506
488
534
563
500
560
543
541
557
541
572
570
584
609
620
629
650
682
718
759
811
871
950
1066
1285
1762
1086
871
758
677
618
574
516
537
441
534
491
451
471
473
427
460
501
474
477
406
458
443
2423
515
544
2400
481
455
463
1298
1298
1298
1299
1299
1299
1299
1299
1300
1300
1300
1301
1301
1302
1302
1303
1303
1304
1305
1306
1308
1310
1312
1314
1316
1318
1321
1324
1329
1337
1346
1357
1371
1389
1412
1446
1509
1759
1436
1368
1327
1297
1274
1254
1237
1221
1208
1190
1169
1151
1135
1120
1108
1096
1085
1076
1063
1203
1184
1176
1165
1159
1153
1149
1062
1209
1062
